WARNING: class 40 has day_frequency 0, skipping
WARNING: class 40 has day_frequency 0, skipping
WARNING: class 253 has day_frequency 0, skipping
WARNING: class 91 has day_frequency 0, skipping
WARNING: class 91 has day_frequency 0, skipping
WARNING: class 77 has day_frequency 0, skipping
WARNING: class 78 has day_frequency 0, skipping
WARNING: class 134 has day_frequency 0, skipping
WARNING: class 134 has day_frequency 0, skipping
WARNING: class 253 has day_frequency 0, skipping
WARNING: class 253 has day_frequency 0, skipping
WARNING: class 77 has day_frequency 0, skipping
WARNING: class 77 has day_frequency 0, skipping
WARNING: class 91 has day_frequency 0, skipping
WARNING: class 253 has day_frequency 0, skipping
WARNING: class 30 has day_frequency 0, skipping
WARNING: class 30 has day_frequency 0, skipping
WARNING: class 40 has day_frequency 0, skipping
WARNING: class 40 has day_frequency 0, skipping
WARNING: class 79 has day_frequency 0, skipping
WARNING: class 77 has day_frequency 0, skipping
WARNING: class 79 has day_frequency 0, skipping
WARNING: class 40 has day_frequency 0, skipping
WARNING: class 40 has day_frequency 0, skipping
WARNING: class 40 has day_frequency 0, skipping
WARNING: class 178 has day_frequency 0, skipping
WARNING: class 91 has day_frequency 0, skipping
WARNING: class 4 has day_frequency 0, skipping
WARNING: class 40 has day_frequency 0, skipping
WARNING: class 146 has day_frequency 0, skipping
WARNING: class 146 has day_frequency 0, skipping
WARNING: class 253 has day_frequency 0, skipping
WARNING: class 253 has day_frequency 0, skipping
WARNING: class 253 has day_frequency 0, skipping
WARNING: class 253 has day_frequency 0, skipping
WARNING: class 253 has day_frequency 0, skipping
WARNING: class 4 has day_frequency 0, skipping
WARNING: class 4 has day_frequency 0, skipping
WARNING: class 40 has day_frequency 0, skipping
WARNING: class 40 has day_frequency 0, skipping
WARNING: class 43 has day_frequency 0, skipping
WARNING: class 43 has day_frequency 0, skipping
WARNING: class 43 has day_frequency 0, skipping
WARNING: class 40 has day_frequency 0, skipping
WARNING: class 78 has day_frequency 0, skipping
WARNING: class 77 has day_frequency 0, skipping
WARNING: class 78 has day_frequency 0, skipping
WARNING: class 79 has day_frequency 0, skipping
WARNING: class 78 has day_frequency 0, skipping
WARNING: class 79 has day_frequency 0, skipping
WARNING: class 91 has day_frequency 0, skipping
WARNING: class 30 has day_frequency 0, skipping
WARNING: class 40 has day_frequency 0, skipping
WARNING: class 40 has day_frequency 0, skipping
WARNING: class 40 has day_frequency 0, skipping
WARNING: class 40 has day_frequency 0, skipping
WARNING: class 105 has day_frequency 0, skipping
WARNING: class 105 has day_frequency 0, skipping
WARNING: class 133 has day_frequency 0, skipping
WARNING: class 133 has day_frequency 0, skipping
WARNING: class 133 has day_frequency 0, skipping
WARNING: class 134 has day_frequency 0, skipping
WARNING: class 134 has day_frequency 0, skipping
WARNING: class 77 has day_frequency 0, skipping
WARNING: class 77 has day_frequency 0, skipping
WARNING: class 43 has day_frequency 0, skipping
WARNING: class 43 has day_frequency 0, skipping
WARNING: class 146 has day_frequency 0, skipping
WARNING: class 148 has day_frequency 0, skipping
WARNING: class 148 has day_frequency 0, skipping
WARNING: class 91 has day_frequency 0, skipping
WARNING: class 4 has day_frequency 0, skipping
WARNING: class 4 has day_frequency 0, skipping
WARNING: class 4 has day_frequency 0, skipping
WARNING: class 4 has day_frequency 0, skipping
WARNING: class 91 has day_frequency 0, skipping
WARNING: class 91 has day_frequency 0, skipping
WARNING: class 40 has day_frequency 0, skipping
WARNING: class 40 has day_frequency 0, skipping
WARNING: class 40 has day_frequency 0, skipping
WARNING: class 4 has day_frequency 0, skipping
WARNING: class 40 has day_frequency 0, skipping
WARNING: class 40 has day_frequency 0, skipping
WARNING: class 40 has day_frequency 0, skipping
WARNING: class 40 has day_frequency 0, skipping
WARNING: class 174 has day_frequency 0, skipping
WARNING: class 178 has day_frequency 0, skipping
WARNING: class 178 has day_frequency 0, skipping
WARNING: class 91 has day_frequency 0, skipping
WARNING: class 77 has day_frequency 0, skipping
WARNING: class 77 has day_frequency 0, skipping
WARNING: class 91 has day_frequency 0, skipping
WARNING: class 79 has day_frequency 0, skipping
WARNING: class 79 has day_frequency 0, skipping
WARNING: class 91 has day_frequency 0, skipping
WARNING: class 4 has day_frequency 0, skipping
WARNING: class 178 has day_frequency 0, skipping
WARNING: class 77 has day_frequency 0, skipping
WARNING: class 77 has day_frequency 0, skipping
WARNING: class 77 has day_frequency 0, skipping
WARNING: class 77 has day_frequency 0, skipping
WARNING: class 78 has day_frequency 0, skipping
WARNING: class 78 has day_frequency 0, skipping
WARNING: class 40 has day_frequency 0, skipping
WARNING: class 134 has day_frequency 0, skipping
WARNING: class 134 has day_frequency 0, skipping
WARNING: class 43 has day_frequency 0, skipping
WARNING: class 4 has day_frequency 0, skipping
WARNING: class 4 has day_frequency 0, skipping
WARNING: class 4 has day_frequency 0, skipping
WARNING: class 4 has day_frequency 0, skipping
WARNING: class 197 has day_frequency 0, skipping
WARNING: class 197 has day_frequency 0, skipping
WARNING: class 197 has day_frequency 0, skipping
WARNING: class 40 has day_frequency 0, skipping
WARNING: class 4 has day_frequency 0, skipping
WARNING: class 4 has day_frequency 0, skipping
WARNING: class 4 has day_frequency 0, skipping
WARNING: class 91 has day_frequency 0, skipping
WARNING: class 40 has day_frequency 0, skipping
WARNING: class 40 has day_frequency 0, skipping
WARNING: class 91 has day_frequency 0, skipping
WARNING: class 134 has day_frequency 0, skipping
WARNING: class 134 has day_frequency 0, skipping
WARNING: class 230 has day_frequency 0, skipping
WARNING: class 230 has day_frequency 0, skipping
WARNING: class 77 has day_frequency 0, skipping
WARNING: class 77 has day_frequency 0, skipping
WARNING: class 77 has day_frequency 0, skipping
WARNING: class 40 has day_frequency 0, skipping
WARNING: class 146 has day_frequency 0, skipping
WARNING: class 146 has day_frequency 0, skipping
WARNING: class 146 has day_frequency 0, skipping
WARNING: class 146 has day_frequency 0, skipping
WARNING: class 242 has day_frequency 0, skipping
WARNING: class 242 has day_frequency 0, skipping
WARNING: class 242 has day_frequency 0, skipping
WARNING: class 242 has day_frequency 0, skipping
WARNING: class 146 has day_frequency 0, skipping
WARNING: class 134 has day_frequency 0, skipping
WARNING: class 40 has day_frequency 0, skipping
WARNING: class 40 has day_frequency 0, skipping
WARNING: class 146 has day_frequency 0, skipping
WARNING: class 253 has day_frequency 0, skipping
WARNING: class 253 has day_frequency 0, skipping
WARNING: class 253 has day_frequency 0, skipping
WARNING: class 253 has day_frequency 0, skipping
WARNING: class 253 has day_frequency 0, skipping
WARNING: class 253 has day_frequency 0, skipping
WARNING: class 253 has day_frequency 0, skipping
WARNING: class 253 has day_frequency 0, skipping
WARNING: class 4 has day_frequency 0, skipping
WARNING: class 6 has day_frequency 0, skipping
WARNING: class 30 has day_frequency 0, skipping
WARNING: class 40 has day_frequency 0, skipping
WARNING: class 43 has day_frequency 0, skipping
WARNING: class 77 has day_frequency 0, skipping
WARNING: class 78 has day_frequency 0, skipping
WARNING: class 79 has day_frequency 0, skipping
WARNING: class 91 has day_frequency 0, skipping
WARNING: class 105 has day_frequency 0, skipping
WARNING: class 127 has day_frequency 0, skipping
WARNING: class 133 has day_frequency 0, skipping
WARNING: class 134 has day_frequency 0, skipping
WARNING: class 146 has day_frequency 0, skipping
WARNING: class 148 has day_frequency 0, skipping
WARNING: class 174 has day_frequency 0, skipping
WARNING: class 178 has day_frequency 0, skipping
WARNING: class 197 has day_frequency 0, skipping
WARNING: class 230 has day_frequency 0, skipping
WARNING: class 242 has day_frequency 0, skipping
WARNING: class 253 has day_frequency 0, skipping
Teacher 254 scheduled classes: [(352, (15, 16), [0, 1, 2, 3, 4]), (713, (10, 11), [0]), (730, (8, 9), [0, 1, 2, 3, 4]), (740, (6, 7), [1]), (761, (2, 3), [0, 1, 2, 3, 4])]
Class 734: credit_hours=3, day_freq=1, needs 6 slots on 1 days
ERROR: No valid time found for class 734, skipping

--- FAILED CLASSES BY BUILDING ---
OldLibrary: 1 failed, 74 classes, 11 rooms
Course	Room	Teacher	Time	Days	Students
1	53	1	(0, 1)	MTTHF	1 702 892 950
2	21	2	(16, 19)	M	2 350 586 587
3	3	3	(18, 19)	MWF	3 114 292 424 457 548 580 605 642 772 824 835 842
5	12	5	(7, 9)	MWF	3 61 225 413 578 583 597 643 688 712 736 743 799 988 1009
7	67	6	(0, 3)	M	5 70 78 80 83 115 144 182 183 192 204 205 235 244 252 273 289 367 594
8	107	7	(8, 10)	MWF	5 220 471 474 533 593 804
9	67	8	(15, 16)	MWF	5 246 353 360 427 451 478 500 507 579 610 614 691 696 702 703 712 756 804 848
10	136	9	(0, 2)	MWF	32 625
11	48	10	(12, 14)	MWF	6 668 825 863 964 967 1003 1116
12	122	NA	(3, 5)	MW	6 89 277 383 424
13	112	11	(10, 12)	MWF	39 89 195 229 242 314 320
14	107	12	(11, 14)	M	7 12 136 218 302
15	12	13	(6, 11)	T	8 14 15 83 92 185 237 290 421 475
16	34	14	(10, 13)	T	9 73 156 356 362
17	12	15	(15, 18)	TH	9 148 167 184 196 235 270 345 412
18	15	16	(0, 1)	MWF	9 20 26 79 90 124 140 200 226 234 343 506 508 510 525 528 533 567 640 701 718 740 747 748 753 756 762 764 770 780 791 793 807 811 812 818 821 862 873 875 876 880 882 889 903 915 916 917 919 923 925 926 927 931 932 935 938 944 956 961 965 967 968 969 970 972 975 976 977 980 986 987 993 997 1000 1001 1006 1010 1011 1012 1020 1022 1036 1037 1038 1042 1043 1046 1047 1053 1059 1062 1069 1071 1072 1076 1077 1082 1088 1090 1091 1092 1095 1096 1097 1101 1102 1103 1104
19	4	17	(4, 9)	M	10 19 26 133 234 271 301 701 760 794 869 1045 1053 1071
20	33	18	(4, 6)	MWF	77 380 437 517 540 555 774
21	67	19	(8, 11)	M	16 18 30 53 56 76 123 140 200 203 255 261 264 265 300 305 315 319 334 335
22	22	20	(16, 18)	TTH	11 35 156 222 238 280 295 297 409 648 744 769 872 957 1109
23	22	21	(2, 4)	MWF	11 38 58 68 117 136 143 171 174 212 213 219 222 227 254 260 284 318 344 357 399 413 421 425 439 446
24	5	22	(5, 8)	T	11 60 127 212 350 372 451 614 778
25	41	14	(8, 10)	MWF	11 412 491 706 749
26	33	12	(0, 3)	T	12 180 309 313 347 384 536
27	34	23	(16, 18)	MWF	12 53 89 141 151 264 290 383 493 687 716 845 959
28	40	24	(9, 14)	MW	13 101 114 166 174 201 282 286
29	4	18	(13, 15)	MWF	268 435 525 674 718 785 817 829 850
31	48	26	(11, 16)	T	16 38 71 351 357 463 704 885
32	107	27	(0, 3)	M	16 30 203 283 350 588 709
33	112	28	(8, 9)	MWF	32 77 284 382 424 444 478
34	22	29	(0, 1)	M	107 135 178 220 267 419 457 512 550 617 627 644 657 663 665 697 705 722 752 765 785 786 865 871 878 887
35	21	30	(4, 5)	TTH	17 161 405 609
36	31	31	(0, 3)	M	17 81 147 561 675
37	25	32	(5, 7)	MWF	18 57 88 171 216 315 321 335 357 418 460 466 468 471 714 715 726 738 773 781 782 783 825 835 872 890 894 912 934 943 1025 1034 1075 1086
38	107	33	(15, 18)	M	18 105 200 300 319 588
39	21	14	(4, 6)	MWF	451 772
41	28	35	(16, 18)	MWF	19 56 97 133 140 283 305 326 328 335 363 380 399 439 502 517 520 540 619 624 676 707 708 714 895 1107
42	20	36	(6, 11)	MW	20 27 137 262 393 544 763
44	15	24	(7, 8)	MWF	21 94 112 146 152 237 349 356 384 398 505 510 530 562 568 570 576 577 600 604 617 621 630 633 652 663 666 670 680 681 684 693 694 699 711 721 724 729 742 752 757 775 790 797 806 816 836 837 843 862 888 920 921 956 962 987 1003 1017 1022 1050 1072 1079 1092 1105 1114
45	18	38	(2, 3)	M	21 27 137 236 310 400 471 488 505 509 528 557 577 598 604 608 617 621 635 636 645 650 652 653 663 665 670 672 681 684 698 699 724 729 752 757 760 796 805 806 816 822 853 867 869 1107 1114
46	25	39	(0, 2)	MWF	237 239 259 262 264 312 375 376 389 401 428 433 452 477 495 519 544 554 556 600 611 737 790
47	34	40	(14, 17)	T	22 93 265 387 511
48	48	41	(6, 11)	TH	23 67 93 121 296 466 527 534 537 543 643 720 744
49	3	42	(14, 17)	M	23 32 34 90 106 109 187 225 226 240 241 250
50	22	43	(9, 10)	MWF	24 48 287 353 459 549 550 569 676 723 733 772 828 833 872 897 901 918 921 923 970 973 998 1020 1022 1036
51	4	44	(0, 3)	M	24 53 56 76 123 255 257 261 287 300 326
52	112	NA	(0, 2)	TTHF	25 88 93 102 134 249 314
53	112	45	(13, 15)	MWF	25 102 178 209 314 320 348
54	112	37	(16, 17)	MWF	25 69 102 112 209 314 416
55	11	46	(9, 10)	MWF	28 73 276 388 555
56	28	47	(2, 4)	MWF	28 45 48 54 84 119 158 167 196 266 276 299 330 334 361 397 435 454 465 560 592
57	31	48	(13, 14)	MWF	28 239 242 329 449
58	6	30	(0, 3)	M	29 157 247 248 340 369 378 379 440 468 535 612 620
59	5	30	(8, 11)	M	29 52 59 116 180 238 246 277 313 340
60	12	49	(15, 18)	T	30 74 91 119 141 302 367 435 513 595
61	122	50	(0, 5)	T	31 39 112 159 215
62	48	51	(5, 10)	T	32 49 139 143 168 324 490 520 602 807 865 1110
63	23	52	(9, 11)	MWF	33 124 176 194 253 275 288 316 327 352 386 473
64	3	53	(0, 3)	T	34 65 130 250 370 537 543 584 612 644 813
65	31	54	(4, 9)	TTH	34 42 137 141 588 734
66	20	55	(0, 2)	MWF	35 153 162 172 184
67	42	56	(3, 5)	MWF	35 100 162 172 184 253 285
68	41	47	(0, 1)	M	36 64 230 271 330
69	34	57	(3, 5)	MWF	36 71 79 177 185 281 347 475 1024
70	22	58	(13, 15)	TTH	36 46 79 92 143 187 232 425 497 765
71	28	59	(5, 7)	MWF	37 211 231 236 302 308 318 407 412 445 524 538 567 629 639 668 707 735 749 771 787 798 803 808 815 818 819 851 883 891 903 909 914 931 993 1019 1028 1038 1049 1057 1064 1084 1088 1089 1096
72	99	60	(14, 19)	M	37 155 161
73	12	61	(2, 4)	MWF	66 494 651 833
74	8	62	(0, 2)	MWF	40 120 269 515
75	11	63	(16, 18)	MWF	40 183 666 995
76	48	64	(15, 17)	MW	41 158 298 420 546 582
80	39	65	(2, 3)	MWF	44 150 190
81	31	66	(4, 7)	M	42 188 248 304 440 535 612 620
82	55	67	(6, 8)	MWF	64 86 87 122 138 170 176 193 257 269 306 352 601
83	12	43	(11, 12)	MWF	43 382 609 618 633 635 636 682 760 773 831 941 946 990 1010 1087
84	18	68	(0, 1)	MWF	43 106 112 122 145 152 211 231 280 282 327 329 374 390 397 400 423 426 441 454 455 460 476 492 546 565 572 593 653 668 719 783 1007
85	30	69	(4, 5)	MWF	43 87 138 157 161 193 202 239 280 291 306 426 473 476 492 542 546 561 593 601 649
86	114	70	(0, 3)	M	
87	118	70	(4, 7)	M	44
88	22	71	(7, 9)	TTH	46 58 187 201 202 220 238 285 351 358 361 425 438 467 496 590 658 679 809 811 898 922 943 951
89	34	72	(6, 7)	MWF	46 164 283 371 476 542 579 679 784 1007
90	129	73	(0, 5)	T	47
92	30	74	(6, 7)	MWF	50 299 348 417 431 441 486 516 599 606 623 718 740 839 896 898 905 942 974 1011 1016 1033 1066 1102
93	28	75	(11, 12)	MWF	50 301 445 499 500 626 646 690 707 728 768 803 820 840 852 974 975 1000 1035 1078 1117
94	18	76	(8, 9)	MWF	51 103 162 199 233 245 308 355 422 559 564 580 619 622 657 660 675 678 714 731 768 773 784 821 826 850 865 937 945 964 989 1005 1032 1085 1107 1108
95	117	77	(3, 4)	MWF	52
96	22	78	(11, 12)	M	236 400 483 606 706 762 782 815 835 858 882 889 904 938 1046 1081 1091
97	33	12	(0, 3)	MW	163 395 420 499 687
98	26	79	(0, 1)	MWF	54 198 202 293 336 368 462 474 532 560 596 630 823 841 844
99	10	68	(4, 5)	MWF	198 269 293 298 352 368
100	44	81	(3, 8)	T	55 489 566 796
101	107	82	(0, 2)	TTHF	55 146 218 402 415 422 594 684
102	25	83	(8, 9)	MWF	55 60 82 108 120 268 279 311 328 359 411 522 586 587 588 632 677 717 728 748 786 787 791 801 834 840 878 947 1015 1035 1048 1060
103	67	33	(12, 14)	MWF	57 127 315 426 460 463 517 538 549 603 610 781 887 984 1011 1030 1042 1069
104	67	84	(2, 4)	TTHF	61 92 123 173 203 205 252 255 256 286 328 369 419 427 564 571 605 868 1060
106	15	86	(9, 10)	MWF	62 74 84 100 168 295 312 341 354 469 509 532 560 577 582 596 604 608 609 617 630 631 634 636 639 646 650 658 659 661 665 667 670 681 691 693 696 702 729 735 746 755 777 781 796 798 819 841 842 852 857 863 867 883 891 907 928 939 959 971 990 1007 1083
107	40	87	(0, 1)	MWF	62 434 509 658 735 746 852
108	34	88	(0, 5)	T	63 80 148 153 219 331 337 545 647 682
109	122	89	(0, 2)	MW	63 139 209 320 408
110	122	90	(11, 16)	M	63 82 110 117 149
111	22	91	(7, 8)	MWF	131 387 793 841 886 893 916 922 939 965 971 994 1030 1039 1099 1110
112	38	92	(0, 2)	MWF	65 317
113	11	93	(11, 14)	M	65 370 470
114	33	19	(8, 9)	TTHF	65 380 437 708 874 1100
115	34	94	(10, 12)	MWF	66 164 209 258 347 467 494 521 623 673 740 761 770 955 997
116	12	95	(0, 5)	TH	66 129 179 258 290 407
117	25	96	(11, 16)	MTTHF	68 608 634 650 672 727 745 754 799 841 867 903 939 968 983 1041 1103
118	50	5	(0, 2)	MWF	69 206
119	12	88	(6, 11)	TH	69 122 170 414 497 623
120	96	81	(4, 7)	M	70
121	100	82	(8, 9)	MWF	70 831
122	22	97	(2, 4)	TTH	71 168 358 377
123	28	98	(0, 1)	MWF	72 92 173 213 371 438 448 505 521 547 549 564 566 574 576 585 609 638 647 654 655 659 669 677 680 683 689 721 745 751 754 782 800 838 846 849 856 857 860 893 902 907 911 936 940 949 952 989 998 1004 1005 1013 1017 1029 1067 1070 1078 1080 1081 1087 1089 1098 1113 1117
124	24	99	(0, 5)	M	165 342
125	117	73	(10, 15)	M	72 165 182 244
126	12	95	(15, 17)	MWF	177 279 324 377 384 449 469 487 494 516 559 576 602 628 651 657 677 705 731 818 847 864 874
128	67	101	(4, 7)	MW	78 80 83 144 182 183 192 204 205 235 256 273 289 358 369 415 594 654
129	26	82	(4, 6)	MWF	154 259 292 376 398 409 428 438 450 455 519 541 554 558 598 611 795
130	48	102	(0, 5)	TH	83 281 386 416 649 651 726 874
131	3	93	(5, 7)	TTHF	84 359 443 503 559 685 725 810
132	48	103	(0, 3)	T	85 238 259 287 290 323 519 546 554 589
135	23	106	(2, 3)	M	88 263 291 303 390 434 552 638 649
136	33	107	(4, 7)	T	91 126 179 240 302 389 411 499 536
137	99	45	(0, 5)	M	93 110 217
138	8	41	(12, 17)	M	94 543 611 612
139	3	63	(14, 15)	TTHF	94 101 198 224 322 440 619 643 689 741 813 900 1058
140	26	73	(7, 9)	MWF	95 154 179 376 430 438 477 488 598 671 709 751 812 849 870 1109
141	13	71	(0, 2)	MW	95
142	22	72	(13, 14)	MWF	95 124 355 365 507 529 600 604 622 637 671 688 707 711 805 806 814 853 859 875 876 884 908 910 919 935
143	15	108	(5, 6)	MWF	96 423 510 512 529 550 633 671 691 694 737 751 762 775 799 800 814 824 838 852 856 873 880 899 913 928 930 932 933 948 969 982 986 996 999 1006 1013 1020 1027 1029 1036 1039 1055 1070 1095 1097 1101
144	12	110	(5, 6)	MWF	97 672 727 906 952
145	35	99	(6, 9)	M	98 165 310 342 556
147	33	7	(16, 18)	MWF	99 160 164 206 295 316 354 385 414 572
149	41	107	(14, 19)	M	104 536 955
150	3	97	(8, 10)	TTH	106 145 241 304 321 368 413 418 472 485
151	3	111	(5, 7)	MW	107 339 406 457 483 574 605 700 766 859 861 875 876 881 908 915 917 924 940 953 960 963 978 991 992 1002 1065 1093
152	3	60	(11, 13)	MWF	107 364 410 419 478 503 539 568 576 580 581 582 586 587 596 597 607 615 616 624 628 640 654 660 663 667 676 681
153	107	113	(11, 13)	TTHF	111 433 488 605 647 700 860
154	58	85	(0, 1)	MWF	111
155	22	114	(0, 1)	TTHF	147 208 472 557 778 792 861 881 905 991
156	41	115	(2, 7)	M	113 197 232 240 243 467 513
157	55	77	(15, 16)	MWF	114 148 166 174 201 208 221 260 292 367 402 409 422 453 504 868
158	125	1	(2, 3)	MWF	118 129 246
159	45	5	(10, 12)	MWF	119 834
160	55	116	(0, 1)	MWF	121 154 169 189 309 337 396 403 432 436 443 450 491 571 667 866
161	26	117	(2, 3)	MWF	121 131 154 169 189 309 329 333 337 349 396 403 432 436 443 450 491
162	11	119	(2, 4)	MWF	125 187 418 470 472 485 589
163	5	113	(2, 4)	TTHF	160 175 233 640 645 742 759 882 988
164	3	53	(8, 9)	MWF	128 145 175 698 823 1056 1101
165	22	115	(15, 16)	MWF	130 146 227 370 640 642 686 694 699 715 824 909 911 932 947 1016 1017 1021 1062 1064 1079 1083 1113
166	48	51	(17, 19)	TTHF	132 337 425 446 646 706 745 761 809 1106
167	3	120	(0, 1)	MWF	132 478 595 648 664 696 732 739 837 899 900 957 984 1019 1031
168	67	121	(17, 19)	MWF	136 149 190 254 387 459 464 522 539 541 551 557 570 632 695 710 726 734 737 769 830 855 869
169	11	122	(11, 13)	TTHF	139 373 759 824 842
170	12	49	(0, 5)	T	382 493 506 525 528 538 608 632 646 756 779 787 845
171	21	123	(12, 15)	M	140 265 431 1099
172	42	124	(0, 1)	M	142 155 181 210 263 278 291 344
173	34	125	(11, 16)	TH	
175	39	126	(4, 7)	M	151 190 249 434 1044
176	45	15	(4, 6)	MWF	152 251 319
177	20	128	(3, 5)	MWF	155 210 278 429 448 511
179	4	70	(10, 12)	MWF	163 308 363 375 401 599 695 697 721 739 793 811 874 1056 1065
180	59	130	(0, 1)	MWF	168 486 548 553
181	5	123	(0, 2)	MW	338 341 431 497 570 710 830 1054 1055
182	31	22	(10, 12)	MWF	179 407 430 565 701 886
183	6	30	(4, 5)	MW	181 220 247 336 350 378 388 456 498 507 531 551 631 641 743 755 868 929
184	33	84	(10, 15)	M	185 207 417 571 585 591 598 625 751
185	13	49	(10, 15)	M	186
186	2	58	(9, 11)	MW	446
187	22	29	(5, 6)	TTHF	194 464 508 577 580 616 621 628 670 748 816 840 850 864 968 1052
188	55	131	(3, 4)	MWF	199 208 262 312 393 422 453 504 544
189	45	112	(16, 17)	MWF	412 444 475 558 698 725
190	22	132	(17, 18)	MWF	308 481 678 826 839 931 960 967 978 980 999 1038 1105
191	124	30	(6, 7)	MWF	207
192	59	32	(2, 4)	MWF	211 377 381 634 661 775
193	21	34	(0, 3)	M	229 458 832
194	2	133	(12, 15)	M	216 325
195	124	125	(0, 5)	T	216
196	120	74	(2, 3)	MWF	486 548 553 761
198	13	5	(16, 18)	MWF	223
199	2	115	(0, 5)	T	223 332 421
200	2	110	(18, 19)	MWF	226 272 485
201	22	135	(11, 12)	TTHF	227 267 439 487 678 730 864 895 906 945 947 948 966
202	48	41	(0, 5)	MW	228 294 296 322 405 447 730 1014 1106
203	48	41	(6, 11)	MW	228 294 296 322 405 447 547 689 730 1014 1106
204	5	136	(5, 7)	MWF	233 344 809 829 889 904 937 944 1067 1113
205	39	137	(10, 11)	MWF	233
206	13	30	(13, 16)	T	240
207	6	138	(12, 14)	MW	247 321 378 453 456 498 522 535 551 653 662 743 755 774 779 780 789 885 888 914 929 950 994 1051 1082
208	10	48	(6, 7)	MWF	263 377 408 462 492 521 532 634 661 719 804 834
209	52	139	(0, 5)	T	258 338 480 754
210	111	27	(4, 7)	M	258
211	41	140	(4, 9)	T	272 320 599 867 1030
212	41	81	(11, 13)	MWF	273 528 627 725 748
213	22	118	(5, 6)	M	279 331 394 626 690 729 745 747 753 810 877 951 983 995 1005 1015 1032 1035 1037 1059 1077 1090 1098 1108 1111
214	1	113	(5, 6)	MWF	297
215	18	127	(5, 7)	MWF	300 750 828 871 910 936 946 958 966 973 1021 1040 1058 1063 1068 1094
216	45	30	(6, 9)	T	305 444
217	45	120	(7, 9)	MWF	307 391 776 844
218	45	14	(13, 15)	MWF	307 388 391 555 664
219	3	30	(11, 12)	TTH	321 447 485 504 589 603 644 810 1014
220	28	44	(8, 10)	MWF	326 410 506 538 552 629 656 686 779 848 854 877 884 924 946 954 1010 1041 1058 1059 1096
221	6	123	(6, 8)	MWF	330 341 354 372 710 817 827 897 923 925 926 927 938 981 1004 1023 1061
222	52	141	(12, 15)	M	333 372 827
223	107	47	(5, 7)	MWF	374 379 385 454 465 533 572
224	12	85	(18, 19)	MWF	339 395 406 447 483 1023
225	45	110	(14, 17)	T	339 444
226	52	NA	(4, 6)	MW	363 464 705
227	2	110	(16, 17)	MWF	373 415 424
228	45	1	(18, 19)	MWF	376 581 607 764 774 989
229	39	143	(12, 13)	MWF	386 562 818 1044
231	34	144	(8, 9)	MWF	406 542 579 679 685
232	34	115	(0, 5)	TH	418
233	2	4	(9, 11)	TTH	419 642
234	39	143	(8, 9)	MWF	436 767
235	128	139	(0, 5)	M	
236	3	98	(2, 4)	MWF	483 512 524 525 529 567 603 626 718 721 727 732 739 740 747 753 762 766 781 782 788 789 791 793 798 809 812 814
237	34	33	(6, 9)	TH	489
238	96	2	(11, 13)	MW	687
239	52	19	(16, 17)	MWF	514 629 763
240	8	62	(3, 5)	MWF	515 777 979
241	8	147	(9, 14)	T	515 669 847
243	43	108	(7, 8)	MWF	553 732 753 970 1018 1043 1073 1074
244	9	149	(0, 1)	MWF	573
245	6	141	(9, 11)	MW	621 788 817 853 952 1008 1025 1026 1077 1104
246	53	29	(2, 4)	TTH	607 880
247	127	147	(10, 15)	M	613
248	52	115	(6, 11)	T	631 641 656
249	99	NA	(6, 8)	MWF	637 673 697
250	45	152	(3, 5)	TTH	641 820
251	39	159	(0, 1)	M	794 798 943 945 958 959
252	12	160	(0, 1)	M	819 930 982 1008 1018 1034 1050 1073 1075 1086
254	96	138	(8, 10)	MW	879 887 976
255	82	165	(4, 6)	MWF	1170 1303 1312 1420 1448 1488 1567 1758 1790 1795 1837 1850 1903 2055 2123 2144 2146 2175 2218
256	119	166	(8, 10)	MWF	1118 1330 1390 1452 1509 1711 1803 1874 1987
257	61	167	(0, 2)	MWF	1118 1165 1232 1244 1298 1454 1533 1590 1626 1641 1715 1775 1795 2077 2091 2138 2301
258	82	168	(7, 9)	MWF	1131 1165 1218 1246 1355 1563 1618 1690 1714 1718 1988 2115 2156 2248 2271
259	76	169	(2, 3)	MTWTHF	1121 1123 1128 1185 1305 1316 1323 1329 1332 1397 1474 1480 1503 1522 1530 1558 1597 1615 1618 1636 1670 1704 1710 1724 1729 1730 1738 1741 1772 1794 1809 1818 1829 1847 1854 1856 1882 1908 1977 1993 2004 2028 2049 2055 2103 2136 2144 2182 2197 2209 2269 2281 2293
260	91	170	(0, 2)	MWF	1198 1319 1344 1540 1820 1852 1929 2238
261	73	172	(2, 3)	MTWTHF	1119 1132 1202 1208 1261 1555 1603 1718 1861 1892 1939 2014 2174
262	59	173	(10, 12)	MWF	1119 1124 1631 1733 1973 2205 2254
263	61	174	(10, 12)	MWF	1282 1309 1326 1407 1515 1555 1658 1707 1710 1718 1751 1883 1908 2070 2118 2165 2192 2204 2229 2280
264	98	175	(3, 4)	MTWTHF	1171 1246
265	108	176	(6, 8)	MWF	1119 1811 2072
266	114	177	(11, 13)	MWF	1186 1196 1439
267	8	178	(15, 17)	TTHF	1120 1184 1386 1582 1747
268	97	179	(0, 2)	MWF	1120 1233 1308 1429 1504 1878 1898 1917 1988 2248 2266 2272
269	69	180	(4, 6)	MWF	1120 1129 1187 1301 1349 1405 1531 1545 1562 1588 1670 1671 1800 1810 1827 1830 1899 1940 2021 2028 2182 2185 2189 2196 2282
270	70	181	(3, 5)	MWF	1126 1130 1152 1164 1298 1321 1331 1343 1350 1402 1413 1421 1430 1494 1515 1525 1560 1568 1580 1584 1585 1605 1643 1699 1700 1701 1740 1742 1787 1805 1848 1929 1945 1967 2043 2097 2117 2124 2138 2142 2230 2232 2248 2289
271	86	182	(0, 1)	MTWTHF	1121 1136 1139 1166 1239 1241 1250 1296 1326 1371 1520 1526 1719 1742 1933 1946 1971 2026 2051 2103 2129 2190 2209 2250
272	84	185	(4, 6)	MWF	1123 1128 1133 1136 1143 1161 1197 1198 1202 1205 1213 1228 1292 1299 1395 1530 1595 1615 1654 1690 1714 1754 1768 1769 1832 1846 1868 1881 1883 1939 2007 2093 2106 2133 2139
273	74	186	(14, 15)	MTWTHF	1121 1126 1130 1154 1207 1228 1244 1258 1301 1332 1476 1540 1542 1595 1624 1803 1929 1963 2001 2007 2028 2091 2162 2229 2281 2300
274	74	187	(10, 11)	MTWTHF	1122 1139 1155 1183 1195 1223 1256 1287 1297 1313 1367 1441 1453 1481 1525 1528 1558 1564 1599 1611 1708 1816 1844 1866 1868 1875 1882 1893 2011 2021 2073 2076 2133 2176 2185 2195 2219 2220 2236 2241 2278 2286 2291 2299
275	75	188	(0, 3)	M	1122 1155 1183 2011 2133 2236 2291
276	74	189	(12, 13)	MTWTHF	1122 1136 1151 1156 1185 1233 1256 1279 1291 1346 1435 1459 1481 1503 1520 1570 1578 1584 1597 1616 1729 1794 1795 1854 1856 1866 1892 1936 2055 2073 2142 2144 2173 2174 2208 2236
277	93	190	(0, 1)	MTWTHF	1168 1414 1419 1481 1510 1516 1572 1722 1724 1831 1851 1854 1862 1969 1993 2076
278	122	191	(8, 10)	MWF	1149 1383 1639 1808
279	99	192	(3, 5)	TTHF	1974 2149
280	102	193	(4, 6)	MWF	1124
281	70	184	(6, 8)	MWF	1141 1189 1226 1269 1339 1342 1376 1415 1464 1505 1600 1612 1627 1633 1653 1724 1780 1826 1862 2087 2121 2227
282	88	181	(14, 16)	TTHF	1180 1213 1226 1510 1627 1685 1702 1813 2024 2084 2163 2273
283	72	195	(0, 1)	MTWTHF	1123 2036 2081 2150
284	103	196	(7, 9)	MWF	1166 1338 1350 1427 1459
285	113	197	(0, 5)	M	1976 2057 2098
286	113	198	(4, 9)	TH	2005
287	81	199	(7, 9)	MWF	1420 1543 1836 2167 2187 2194
288	86	200	(13, 15)	MWF	1142 1221 1298 1314 1366 1419 1480 1537 1545 1572 1614 1636 1658 1662 1745 1766 1815 1857 1874 1903 1922 1980 1990 2027 2076 2082 2112 2230 2277
289	83	201	(0, 1)	MTWTHF	1129 1143 1152 1271 1287 1375 1435 1452 1497 1502 1553 1653 1772 1778 1832 1875 1883 1939 1977 2049 2094 2097 2126 2153 2176 2195 2219 2243 2244 2293
290	127	202	(10, 11)	TTHF	1783
291	113	203	(13, 18)	F	1149 1855 1944 2118
292	83	204	(10, 11)	MTWTHF	1169 1174 1248 1252 1280 1302 1331 1421 1430 1455 1471 1488 1495 1546 1598 1664 1678 1776 1790 1810 1822 1831 1899 1907 1969 1984 2014 2115 2131 2138 2213 2214 2271 2297
293	82	205	(0, 2)	MWF	1125 1151 1195 1197 1341 1399 1564 1566 1619 1853 1903 1920 2105 2107
294	61	206	(4, 6)	MWF	1193 1238 1366 1443 1840 1898 2067 2153 2158
295	83	201	(5, 6)	MTWTHF	1125 1160 1319 1474 1480 1573 1722 1751 1839 2160
296	88	207	(5, 7)	MWF	1194 1302 1438 1489 1539 1828 2066 2074 2179 2223
297	70	208	(0, 2)	MWF	1150 1158 1219 1420 1438 1696 1817 1980 2223 2261
298	86	209	(7, 9)	MWF	1126 1152 1164 1244 1287 1307 1327 1372 1407 1584 1611 1700 1725 1730 1754 1763 1772 1778 1977 2007 2040 2138 2169 2208 2277 2278 2299
299	103	210	(0, 2)	MWF	1126 1231 1634 1674 1922
300	93	211	(4, 6)	MTWTHF	1285 1957 2168
301	79	212	(0, 2)	MWF	1536 1542 1919 2156
302	65	213	(3, 6)	T	1127 1156 1189 1203 1291 1344 1363 1529 1626 1833 1834 1984 2100 2225 2231
303	86	182	(10, 12)	MWF	1127 1128 1153 1286 1316 1341 1387 1423 1494 1530 1643 1840 1909 1917 1940 2108 2140 2147 2180 2245 2252
304	83	189	(7, 8)	MTWTHF	1206 1217 1272 1278 1283 1309 1320 1356 1360 1394 1413 1474 1532 1775 1786 1821 1923 1959 1962 2077 2158 2190 2196
305	69	216	(13, 15)	MWF	1211 1371 1457 1458 1487 1564 1565 1602 1619 1643 1730 1746 1842 2035 2050 2066 2132
306	74	217	(16, 18)	MWF	1129 1143 1156 1187 1204 1305 1316 1353 1369 1375 1443 1452 1498 1520 1538 1540 1587 1639 1640 1650 1656 1659 1703 1718 1725 1740 1742 1749 1778 1794 1895 1983 2001 2017 2089 2177 2192 2208 2237 2245 2287
307	75	218	(9, 11)	MWF	1130 1550 1685 1853
308	62	219	(0, 1)	MTWTHF	1130 1209 1228 1418 1550 1605 1606 1830 1847 1963 1997 2044 2089 2147 2247 2252
309	68	221	(3, 5)	MWF	1572 1885 1969 1984 2157
310	94	219	(2, 7)	M	1963
311	28	222	(13, 15)	MWF	1131 1153 1168 1177 1190 1315 1355 1461 1479 1598 1632 1651 1675 1677 1678 1721 1773 1799 1806 1843 1847 1876 1947 2064 2095 2125 2151 2283
312	66	180	(10, 12)	TTHF	1133 1417 1775 2018 2194 2262 2270
313	23	223	(0, 1)	MTWTHF	1131 1177 1482 1522 1615 1692 1703 1710 1738 1947
314	82	224	(13, 15)	MWF	1166 1267 1513 1568 1791 1860 1902 2071
315	112	225	(0, 3)	M	1157 1224 1327 1365 1394 1448 1469
316	112	225	(4, 7)	M	1177 1273 1426 1469 1475 1477 1551
317	13	226	(10, 12)	TTHF	1511
318	7	227	(4, 5)	MTWTHF	1132
319	92	165	(7, 9)	MWF	1132 2012
320	68	228	(6, 8)	MWF	1688
321	113	197	(6, 11)	M	1976 2171
322	77	229	(6, 7)	MTWTHF	1134 1708 1820 1838
323	109	229	(3, 4)	MTWTHF	1283 1497 1602 1707 1923 1952
324	106	230	(3, 5)	MWF	1134 1387 1528 1533 1543 1608 1609
325	87	231	(7, 9)	MWF	1137 1145 1172 1236 1328 1377 1402 1500 1606 1625 1651 1686 1753
326	108	232	(0, 2)	MWF	1134 1171 1275 1279 1354 1387 1410 1443 1491 1498 1921 2158 2159 2181 2221
327	76	233	(10, 15)	M	1135 1140 1141 1197 1213 1216 1217 1227 1231 1242 1254 1284 1294 1312 1353 1379 1380 1401 1456 1519 1541 1562 1588 1600 1623 1654 1696 1701 1709 1744 1753 1767 1785 1920 1941 1942 1946 1995 2042 2043 2053 2090 2127 2143 2186 2199 2207 2250 2268 2282
328	100	234	(10, 12)	MWF	1148 1381
329	70	235	(16, 19)	M	1167 1220 1335 1523 1535 1539 1576 1589 1635 1736 1946 2121 2128 2132 2149 2159 2179 2184 2225 2251 2259
330	76	237	(4, 6)	TTHF	1135 1140 1172 1216 1227 1231 1236 1242 1254 1294 1310 1322 1379 1380 1401 1416 1426 1456 1460 1487 1491 1510 1519 1541 1606 1623 1625 1646 1696 1713 1729 1744 1753 1920 1937 1941 1942 1993 2000 2037 2053 2090 2127 2207 2239 2250 2268
331	36	239	(2, 4)	MWF	1444 1645
332	80	240	(0, 2)	MWF	1137 1164 1246 1369 1617 1749 1763 1840 1990 2180
333	89	241	(10, 12)	MWF	1239 1268 1595 1804 1861 2026 2255
334	61	242	(7, 9)	MWF	1138 1256 1260 1463 1508 1573 1707 1793 1863
335	61	168	(16, 18)	MWF	1138 1245 1293 1366 1447 1465 1568 1614 2109 2112
336	11	243	(7, 8)	MTWTHF	1382 1395 1404 1769 1832 2081
337	115	244	(0, 2)	MWF	1138 1283
338	62	245	(5, 6)	MTWTHF	1139 1183 1184 1195 1414 1599 1749 1844 1851 1853 1997 2012 2159 2252 2266 2299
339	44	246	(13, 14)	MTWTHF	1725
340	96	246	(0, 2)	MWF	1140 1148 1554 1978
341	87	231	(16, 18)	MWF	1140 1186 1478 1799 1860 2101 2127 2200 2261 2290
342	113	198	(0, 5)	F	1759 2059
343	64	247	(10, 12)	MWF	1971
344	45	248	(0, 2)	TTHF	1142 1273 1345 1930
345	86	209	(4, 6)	MWF	1142 1151 1275 1583 1597 1619 1704 1767 1829 1859 1950 2073 2137 2210 2234 2272 2286
346	84	249	(0, 1)	MTWTHF	1169 1187 1201 1439 1485 1645 1651 1721 1733 1802 1804 1860 2095 2108
347	89	250	(16, 18)	MWF	1217 1236 1428 1440 1559 1676 1846
348	127	251	(0, 3)	TTHF	1981
349	11	243	(0, 1)	MTWTHF	1350 1413 1571 2139
350	5	252	(12, 14)	MWF	1144 1575 1663 1956 1966 2146
351	36	253	(0, 1)	M	1144 1966 2146
352	6	254	(15, 16)	MTWTHF	1144 1261 1575 1610 1625 1628 1663 1700 1733 1878 1964 1966 2124
353	113	255	(12, 17)	M	1732 1896 2119
354	113	203	(10, 15)	TH	1358 1835 1865 2080
355	113	203	(6, 11)	T	1328 1964 2251 2285
356	118	256	(0, 2)	MWF	1412 1586
357	47	257	(5, 6)	MTWTHF	1145
358	71	259	(3, 4)	MTWTHF	1145 1314 1319 1390 1653 1911 1943 2077 2176
359	103	260	(16, 18)	MWF	1173 1221 1279 1578 1722
360	14	261	(3, 5)	MWF	1146 1594 1760 1834 1998
361	31	262	(16, 18)	MWF	1146 1178 1291 1751 1830 1995 2300
362	69	263	(0, 2)	MWF	1193 1293 1333 1366 1379 1380 1392 1447 1627 1942 2140 2142 2277
363	92	264	(10, 13)	M	1146
364	98	265	(0, 2)	MWF	1146 1181
365	36	266	(5, 8)	M	1147 1455 2253
366	45	267	(18, 19)	T	1537 1757
367	65	268	(0, 3)	W	1303 1563 1906
368	97	269	(6, 8)	MWF	1485 1554 1666 1757 1907 1948 2184 2279
369	16	270	(3, 4)	MTWTHF	1147 2023
370	24	271	(11, 13)	MWF	1356 1478 1567 2240
371	87	231	(10, 13)	M	1954 2002 2233
372	103	272	(12, 15)	TH	1337 1340 1555 1851
373	120	273	(0, 1)	MTWTHF	1149 1805 1914 2069 2240
374	133	273	(2, 4)	MWF	
375	120	274	(4, 6)	MWF	1149 1361 1762 1917
376	61	275	(13, 15)	MWF	1150 1222 1327 1690 1849 2109
377	86	205	(16, 18)	MWF	1150 1174 1175 1200 1202 1222 1237 1259 1266 1288 1381 1420 1467 1482 1490 1642 1746 1790 1849 1905 1986 2013 2027 2032 2087 2145 2157 2203
378	124	276	(8, 11)	M	1150
379	99	277	(9, 10)	MTWTHF	1324 1521
380	40	278	(2, 4)	MWF	1153 1255 1526 1592 1640 1761 1964
381	78	212	(7, 9)	MWF	1153 1417 1421 1423 1536 1538 1632 1675 1733 1748 1936 2202 2254 2287
382	44	279	(10, 12)	MWF	1444 1485 1721 2151 2258
383	78	280	(4, 6)	MWF	1154 1229 1389 1447 1553 1617 1692 1804 1887 1897 2109
384	62	281	(13, 14)	MTWTHF	1184 1212 1218 1255 1270 1275 1297 1306 1349 1373 1424 1445 1470 1498 1581 1587 1609 1621 1644 1648 1674 1749 1776 1823 1872 1890 1911 1913 1979 2096 2107 2155 2188 2202 2224 2237 2245 2254 2287
385	106	260	(6, 8)	MWF	1965 2215
386	103	282	(4, 6)	MWF	1201 1248 1250 1266 1272
387	69	283	(7, 9)	MWF	1155 1171 1255 1397 1583 1664 1704 1742 1841 1842 1884 1980 2011 2024 2044 2061 2267
388	103	211	(0, 3)	T	1221 1644 1886 2086 2298
389	103	282	(13, 15)	MWF	1157 1169 1172 1175 1179
390	4	284	(16, 18)	MWF	1157 1384 1406 1417 1461 1511 1536 1613 1798 1806 1900 1956
391	30	285	(8, 9)	MTWTHF	1157 1175 1225 1273 1345 1391 1495 1513 1645 1720 1721 1935 2095 2118 2136 2173 2192 2203 2217
392	116	286	(0, 3)	T	2110
393	82	287	(16, 18)	TTHF	1158 1170 1205 1257 1320 1404 1459 1547 1595 1711 1781 1786 1796 1902 1959 2002 2140 2169 2178 2295
394	71	196	(13, 15)	MWF	1382 1686 1959 1996
395	91	288	(3, 5)	MWF	1158 1309 1333 1739 2036 2165 2167
396	114	289	(4, 6)	MWF	1369 1734
397	94	290	(8, 11)	M	1159 1354 1396 1458 1499 1756 1919 1925 2106 2206
398	62	291	(7, 9)	MWF	1208 1265 1270 1292 1581 1624 1764 1776 2010 2183 2244
399	62	290	(2, 4)	MWF	1159 1268 1458 1463 1591 1596 1630 1637 2183 2298
400	77	259	(0, 2)	MWF	1302 2082 2232 2300
401	65	213	(7, 9)	MWF	1160 1161 1280 1321 1323 1357 1482 1488 1494 1522 1525 1546 1560 1658 1660 1722 1739 1774 1815 1856 1899 1970 1996 2139 2160 2162
402	124	293	(0, 3)	M	1162
403	74	NA	(4, 7)	M	1162 1163 1263 1281 1347 1365 1378 1410 1422 1449 1457 1472 1479 1512 1577 1607 1616 1647 1667 1689 1709 1716 1789 1803 1809 1858 1873 1880 1895 1953 1999 2003 2009 2034 2039 2084 2104 2126 2148 2206 2276
404	76	295	(9, 10)	T	1162 1167 1232 1325 1352 1378 1400 1410 1556 1691 1705 1736 1752 1808 1814 2225 2288 2290
405	85	296	(2, 4)	MWF	1276 1367 1752 2226
406	70	183	(9, 10)	MTWTHF	1163 1276 1281 1449 1460 1527 1607 1716 1717 1780 1787 1788 1813 1926 1937 2009 2065 2104 2114 2170 2226 2256 2276
407	114	297	(8, 10)	MWF	1694
408	88	NA	(8, 13)	MWF	1422 1647 1953 2239
409	53	299	(5, 7)	MWF	1663
410	37	226	(2, 4)	MWF	1357 1489 1582
411	127	300	(16, 18)	TTHF	1493
412	89	242	(13, 15)	MWF	1338 1463 1501 1698 1804 2026 2040
413	82	301	(10, 12)	MWF	1344 1386 1416 1467 1532 1755 1758 1800 1906 2137 2181
414	30	302	(2, 3)	MTWTHF	1243 1289 1404 1545 1639 1660 1661 2228 2294
415	70	304	(16, 18)	TTHF	1167 1260 1312 1325 1376 1505 1516 1589 1612 1672 1686 1705 1730 1735 1812 1834 1884 2039 2099 2187 2227 2280
416	87	305	(3, 5)	MWF	1240 1328 2113
417	27	306	(11, 13)	MWF	2157
418	84	308	(7, 9)	MWF	1201 1230 1233 1315 1371 1389 1439 1745 1799 1843 1852 1894 2060 2062 2131 2164 2210 2229 2268 2297
419	112	309	(3, 5)	TTHF	1167 1180 1274 1358 1518 1549 1589
420	79	310	(3, 6)	M	1168 1384 1432 1538
421	61	311	(0, 3)	T	1170 1223 1320 1386 1399 1428 1511 1671 1846 2290
422	51	312	(16, 17)	MTWTHF	1363 1432 1574
423	4	297	(3, 5)	TTHF	1632
424	14	313	(6, 8)	MWF	1891
425	119	314	(0, 2)	MWF	1172 1307 1322 1376 1493 1494 1546 1549 1766
426	88	315	(17, 19)	TTHF	1240 1362 1504 1593 1683 1767 1791 1807 1873 1893 2033 2152 2167 2197 2211 2240 2294
427	96	279	(6, 8)	TTHF	1173 1511 1613
428	17	316	(3, 4)	MTWTHF	1173
429	90	317	(0, 3)	T	1174 1211 1463 1901
430	69	318	(10, 12)	MWF	1205 1285 1335 1427 1505 1825 1915 2072 2274
431	52	319	(0, 3)	M	1175 1317 1501 2203
432	90	320	(18, 19)	M	1524 1797 2212
433	27	321	(0, 3)	M	1176 1666
434	2	248	(12, 14)	TTHF	1176 2213
435	66	322	(7, 9)	TTHF	1176 1311 1437 1534 1569 2018 2264 2270
436	92	317	(4, 6)	MWF	1476 1665 1684 1775 1954 2255
437	94	323	(15, 16)	MTWTHF	1304 1306 1373 1674 1801 1819 1949 2044 2096
438	110	324	(7, 8)	MTWTHF	1178
439	71	325	(0, 2)	MWF	1179 1240 1262 1363 1411 1437 1506 1656 1731 1771 1777 1797 1811
440	97	326	(3, 5)	MWF	1290 1466 1506 1507 2016 2092 2172 2242
441	101	292	(0, 2)	MWF	1203 1206 1249 1260 1331 1393 1427 1518 1601
442	104	327	(0, 2)	MWF	1478 1529 2137 2214
443	63	328	(0, 2)	MWF	1205 1237 1336 1401 1467 1484 1622 1770 1792 1824 1989 2074 2092
444	104	241	(3, 5)	MWF	1686
445	122	277	(6, 7)	MTWTHF	1181 1251 1649 1812 2029
446	80	329	(3, 5)	MWF	1200 1383 1419 1598 1664 1678 1680 1764 1921 2094 2114
447	98	207	(8, 11)	T	1181
448	12	330	(0, 1)	W	1182 1214 1877 2217
449	65	331	(4, 6)	MWF	1182 1279 1316 1329 1516 1558 1626 1741 1794 1841 1865 1908 2103
450	65	268	(10, 12)	MWF	1241 1357 1504 1540 1833 2105 2160 2162 2281
451	5	332	(15, 17)	MWF	1403 1418 1435 1470 1514 2122 2205 2247
452	10	223	(8, 9)	MTWTHF	1266 1349 1406 1424 1514 1526 1592 1640 1798 1822 1847 2033 2107 2122 2247
453	130	170	(3, 5)	MWF	1206 1259 1260 1335 1427 1454 1624 1629 1720
454	89	264	(4, 6)	MWF	1186 1196 1552 1610 1860 2152 2163
455	76	333	(11, 13)	TTHF	1208 1224 1225 1269 1510 1535 1600 1606 1615 1646 1649 1654 1688 1782 1879 1889 1916 1993 1995 2003 2024 2025 2031 2087 2103 2113 2163 2209 2243 2272
456	85	296	(8, 10)	MWF	1188 1300 1761 1857 2116 2175
457	88	334	(16, 19)	M	1188 1223 1347 1460 1607 1717 1787 1825 1857 1858 1914 1926 1957 2069 2093 2175
458	85	335	(5, 7)	MWF	1364 1638 1683 2256 2260
459	88	169	(14, 15)	M	1188 1265 1365 1449 1472 1484 1527 1622 1667 1761 1780 1788 1813 1825 2009 2114 2116 2170 2175 2256 2276
460	85	336	(11, 13)	MWF	1189 1324 1714 1716 1814 1834 2005 2022 2124 2134
461	95	337	(0, 1)	MTWTHF	1881
462	4	284	(0, 2)	TTHF	1190 1257 1461 1470 1513 1902 1936
463	81	338	(14, 17)	M	1601 1859 2006
464	90	224	(0, 2)	MWF	1191 1196 1267 1610
465	103	196	(4, 7)	TH	1359 1719 1951
466	103	339	(8, 11)	TH	1191 1359 1719 1762 1836
467	91	196	(10, 12)	MWF	1191 1747
468	13	340	(0, 2)	TTHF	1235
469	2	227	(0, 1)	M	1192 1220 1727 1784
470	11	341	(5, 6)	M	1192 1220 1425 1727 1933 2120
471	95	342	(2, 4)	MWF	1192
472	113	203	(0, 3)	TH	1192 1896 1918
473	65	343	(2, 3)	M	1238 1270 1441 1553 1573 1689 1692 1785 1791 1870 1874 1887 1970 2195
474	127	345	(7, 9)	MWF	1837
475	48	300	(12, 15)	TH	1194 1237 1345 1348 1486 2246
476	88	346	(0, 2)	MWF	1225 1230 1254 1274 1315 1358 1496 1638 1648 1681 1826 1828 1865 1926 1948 2000 2045 2127 2218 2280
477	85	304	(0, 3)	T	1194 1649 1879
478	101	347	(6, 8)	MWF	1502 1524
479	89	275	(7, 9)	MWF	1334 1392 1467 1665 1781 2080 2165
480	36	348	(9, 11)	MWF	1198 1549 2063
481	94	187	(0, 1)	M	1199 1300 1348 1409 1424 1436 1621 1913 2111 2154 2201
482	78	349	(0, 3)	M	1273 1461 1613 1672 1748 1790 1877 1900 2019 2033 2297
483	29	350	(3, 5)	MWF	1557
484	92	241	(14, 17)	T	
485	21	352	(7, 8)	M	1203 1337 1807 1966 2146
486	83	218	(2, 4)	MWF	1204 1300 1306 1348 1398 1409 1424 1436 1644 1823 1913 1975 2005 2048 2111 2154 2199 2201
487	36	353	(12, 14)	MWF	1715 2284
488	49	288	(6, 8)	MWF	1207
489	94	324	(17, 18)	MTWTHF	1207 1297 1416 1675 1693 1702 1801 1872 1979 2254
490	12	NA	(13, 14)	MTWTHF	1209 1418 1550 1997
491	132	354	(4, 6)	MWF	1210
492	10	285	(2, 3)	M	1210 1272 1691 1726 1806 2123 2259
493	85	346	(14, 17)	M	1210 1219 1464 1552 1782 2260 2292
494	98	208	(5, 8)	M	1444 1576
495	92	167	(14, 17)	M	1252
496	103	356	(16, 17)	TH	1409 1550 1990 2022 2050
497	81	357	(4, 6)	MWF	1212 1218
498	62	358	(10, 12)	MWF	1212 1243 1270 1591 1596 1624 1630 1637 1668 1764 2010 2117 2141 2202
499	42	278	(6, 7)	MTWTHF	1286 1574 1586 1685 2117
500	115	221	(9, 12)	M	1214 1288 1436 2295
501	12	359	(0, 1)	F	1330 1450 1508 2065 2166
502	34	313	(0, 2)	MWF	1215 1280 1284 1368 1734
503	90	214	(3, 6)	M	1236 1324 1428 1473 1982
504	82	311	(16, 19)	M	1215 1282 1299 1330 1349 1352 1483 1489 1547 1618 1620 1714 1779 2204
505	64	360	(0, 1)	MWF	1216 1245 1311 1415
506	88	208	(3, 4)	M	1219 1230 1438 1493 1496 1500 1782 1828 1974 2025 2205 2261
507	85	333	(4, 7)	T	1664 1672 1688 1897 2265
508	90	361	(15, 17)	MWF	1415 2012
509	113	197	(6, 11)	W	1220 1235 1317 1565 1848 1855 1918 1983 2119
510	101	247	(3, 5)	MWF	1221 1225 1391 1412 1527 1705 1731 2027 2038
511	8	362	(6, 9)	M	1224 1240 1779 2249
512	73	363	(0, 1)	MTWTHF	1226 1247 1385 1426 1585 1608 1729 1774 1882 1890 1899 1949 2021 2067
513	122	364	(13, 15)	TTHF	1493 1524 1833
514	99	365	(11, 13)	MWF	1274 1989 1998
515	66	357	(0, 3)	M	1229 1251 1285 1867 1915 2006 2075 2130 2188
516	66	263	(3, 6)	T	1229 1383 1407 1450 1601 1859 1972 2071 2102 2187
517	70	366	(11, 12)	MTWTHF	1232 1264 1276 1325 1378 1400 1512 1556 1593 1634 1635 1705 1780 1784 1808 1813 1952 1999 2101 2121 2149 2161 2290
518	61	200	(7, 10)	T	1234 1475 1711 1773 1793 1981 2019 2051 2231
519	57	367	(0, 2)	MWF	1234 1808
520	13	368	(4, 6)	MWF	
521	113	203	(0, 5)	W	1235
522	113	203	(12, 17)	T	1235 1855 2019 2041 2059 2068 2285
523	113	255	(0, 5)	T	1434 1732 1896 1918 2119
524	19	369	(3, 5)	MWF	1486 1559 1909
525	52	266	(9, 11)	MWF	1336 1972 1994
526	27	262	(0, 2)	TTHF	1711
527	31	370	(8, 9)	M	1239 1575 1712 2129 2231
528	106	371	(0, 2)	MWF	1570 1706 2155
529	113	372	(12, 15)	W	1391 1433 1477 1576 1641 1743 1769 1779 1788 1792 1897 1933
530	69	373	(16, 18)	MWF	1408 1655 1757 1867 1885 1915 1976 2004 2083 2098
531	128	348	(16, 18)	MWF	1608
532	89	174	(3, 6)	T	1459 1642 1663 1676 2052 2057
533	130	374	(0, 2)	MWF	1342 1451 1650 1951 2189
534	66	322	(4, 6)	MWF	1247 1338 1375 1445 1465 1509 1662 1669 1875 1884 2014 2045 2118 2192
535	77	336	(3, 5)	MWF	1352 1362 1377 1561 1627 1635 1863 1944 2070 2082 2129 2143
536	7	341	(7, 9)	MWF	1414 1589 1682 1784 1944 1974
537	45	375	(0, 3)	W	1317
538	136	376	(3, 5)	MWF	
539	65	377	(15, 18)	T	1249 1253 1656 1770 1994 2110 2212
540	8	202	(10, 11)	M	1249 1554 1687 1950
541	127	378	(0, 3)	M	1667
542	81	379	(0, 3)	M	1938 2052 2102
543	109	380	(13, 15)	MWF	1867
544	65	381	(13, 15)	MWF	1250 1282 1305 1326 1389 1399 1553 1618 1818 1829 1939 2094
545	43	382	(2, 3)	MTWTHF	2017 2134
546	81	283	(6, 9)	T	1252 1338 2092
547	81	384	(13, 15)	TTHF	2006
548	65	176	(11, 14)	T	1303 1681 1771 1973 2275 2296
549	41	385	(0, 3)	T	1551 1835 1849 2047 2054 2085
550	103	374	(0, 3)	TH	1258 1339 2187
551	24	302	(8, 10)	MWF	1258 1348 1577 1957 2211
552	90	NA	(11, 14)	M	1628 2183
553	95	386	(6, 8)	MWF	1259
554	121	387	(17, 18)	MTWTHF	
555	98	184	(9, 12)	M	1259 1464
556	109	381	(0, 2)	MWF	1453 2010 2286
557	70	388	(13, 15)	MWF	1263 1264 1352 1362 1512 1548 1561 1634 1635 1655 1659 1691 1789 1914 1950 1999 2034 2101 2123 2148 2149 2161 2259
558	70	237	(0, 1)	T	1264 1362 1364 1473 1523 1527 1548 1593 1634 1638 1655 1659 1683 1895 1932 2029 2034 2050 2121 2128 2132 2161 2233 2260 2292
559	89	389	(0, 3)	M	1278 1563 2112 2169 2198
560	115	228	(13, 15)	MWF	1271
561	103	390	(4, 5)	T	1326 1472 1521 1523 1583
562	85	333	(0, 1)	M	1535 1539 1649 1782 1889 1916 2025 2113 2184
563	98	391	(0, 1)	T	1276
564	102	193	(0, 3)	M	1277
565	122	392	(17, 19)	MWF	1277 2110 2131
566	98	208	(13, 16)	M	1277 1735
567	95	394	(9, 11)	MWF	1283
568	103	269	(16, 19)	T	1284 1906 2100
569	72	244	(3, 5)	MWF	1318 1793 1888 2145 2279
570	34	330	(13, 15)	MWF	1285 1340 1360 1522 1816
571	103	272	(11, 14)	T	1289 1446
572	44	305	(6, 9)	M	1289 1446 1471
573	110	395	(2, 3)	MTWTHF	1292 1351 1581 1587 1631 1819 2177
574	110	281	(0, 1)	MTWTHF	1292 1373 1581 1668 1669 1693 1819 2031 2177
575	104	307	(6, 9)	M	1451 1938
576	128	279	(13, 15)	MWF	1293
577	54	396	(0, 1)	MTWTHF	1294 1845 1910
578	126	397	(0, 2)	MWF	
579	115	398	(3, 8)	M	1295 1579 1641 1750
580	53	399	(17, 19)	MWF	1594 1974
581	53	178	(2, 4)	MWF	
582	89	400	(0, 2)	TTHF	1492 1537 1556 1905 1973 1998 2018 2023 2080 2100 2160
583	99	364	(0, 2)	TTHF	1301 1557
584	65	401	(9, 12)	TH	1303
585	110	402	(4, 6)	MWF	1304 1373 1693 1949
586	96	403	(14, 15)	MTWTHF	1517 1713 1728 2263
587	75	188	(5, 8)	MWF	1306 1398 1409 1436 1621 1644 1823 2005 2048 2201
588	44	404	(0, 2)	MWF	1310 1421 1646 1699 1855
589	63	405	(3, 4)	MTWTHF	1578
590	68	406	(0, 2)	MWF	1314 1346 1390 1531 1611 1633 1839 1992 2001 2220 2241
591	87	407	(10, 12)	TTHF	1314 1454 1582 1848 1871 1924 1960 2013 2167 2263
592	66	357	(15, 17)	MWF	1357 1491 1770 1901 1951 1972 2074 2218 2298
593	8	408	(5, 8)	T	1317 1687 1761 1880 1979
594	32	409	(0, 1)	MTWTHF	1318
595	65	410	(5, 8)	TH	1381 1398 1507 1724 1736 1750 1904 1965 1978 2048
596	95	393	(12, 14)	MWF	1506
597	114	411	(14, 15)	MTWTHF	1328 1934
598	127	345	(16, 19)	M	1331
599	95	412	(15, 17)	MWF	
600	64	413	(4, 6)	MWF	1332 1400 1542 1706 1766 1856 1878 1996 2010 2115
601	34	414	(18, 19)	T	1333 1557
602	135	415	(13, 15)	TTHF	
603	81	384	(0, 2)	TTHF	1334 1859 1909 2056
604	36	252	(15, 18)	M	1515 1604 2274
605	66	416	(0, 2)	TTHF	1370 1466 1509 1743 1755 2099
606	103	210	(10, 12)	MWF	1388 1412 1484 1507 1563
607	96	417	(16, 19)	M	1451 1888 2060 2134
608	128	368	(10, 12)	MWF	2109
609	45	418	(10, 13)	T	1500 2216 2289
610	53	340	(8, 10)	MWF	
611	53	343	(11, 13)	MWF	
612	98	391	(17, 18)	M	2065
613	98	388	(5, 7)	TTHF	
614	110	290	(12, 14)	MWF	1354
615	36	420	(0, 3)	T	1356 1641 2296
616	5	337	(18, 19)	MTWTHF	2267
617	128	353	(6, 9)	M	
618	92	407	(0, 3)	T	1361 1534 2246
619	38	421	(6, 8)	MWF	
620	7	422	(16, 19)	M	1698
621	7	387	(13, 14)	MTWTHF	1631 2145
622	50	409	(6, 8)	MWF	
623	27	293	(4, 7)	M	1370 1755 1987
624	81	283	(10, 12)	TTHF	1617 1661 1821
625	108	179	(3, 5)	MWF	1372 1571 1652 1838 1893 2273
626	65	410	(0, 2)	TTHF	1430 1441 1871 2141
627	39	340	(14, 16)	MWF	1374 1385 1529 1910 1994
628	64	360	(7, 9)	MWF	1381 1684 1744 1800 1817 1833 1973 2032
629	105	423	(0, 2)	MWF	1384
630	53	424	(14, 16)	MWF	1397 1930
631	105	425	(0, 3)	T	1927
632	134	387	(0, 1)	MTWTHF	
633	54	426	(2, 3)	MTWTHF	1456
634	117	427	(0, 2)	MWF	1388 1499 1609 1756 2086 2088
635	90	428	(7, 10)	M	1904 2083
636	135	429	(3, 6)	M	1393
637	45	430	(0, 3)	M	1395 1894 1985 2068
638	65	241	(7, 10)	T	1985 2068 2267 2283
639	105	430	(4, 7)	M	1396
640	65	431	(16, 18)	MWF	1402 1502 1738 1795 1816 1892 2028 2209
641	57	432	(3, 5)	MWF	1403 1544 2222
642	119	434	(3, 5)	MWF	1406 1928 2135
643	116	435	(0, 1)	M	1408 2015
644	131	293	(8, 10)	MWF	
645	66	166	(11, 14)	M	1411 1469 1661 1781 1904 2104 2262
646	56	436	(6, 8)	MWF	1431 1442 1631
647	2	437	(2, 5)	M	1433 1788 2119
648	63	232	(5, 8)	M	1886 1985
649	79	280	(7, 9)	MWF	1432 2285
650	126	193	(7, 10)	M	1723
651	66	416	(7, 10)	M	1435 1445 1590 1669 1997 2270
652	65	232	(13, 16)	TH	
653	116	NA	(5, 8)	M	1440 2022
654	43	234	(4, 6)	MWF	1514 1900 2046 2096 2122 2188 2265 2284
655	80	405	(6, 7)	MTWTHF	1752 2238
656	116	225	(5, 7)	TTHF	
657	131	321	(11, 13)	MWF	
658	27	239	(8, 10)	MWF	1956
659	118	246	(8, 11)	M	1888 2275
660	39	438	(17, 18)	MTWTHF	1841 2063 2198
661	54	340	(4, 6)	MWF	1845
662	105	439	(12, 13)	M	1579
663	105	440	(8, 11)	M	1462
664	27	441	(14, 16)	MWF	1592 1682
665	72	413	(11, 13)	MWF	1466 1894 2267
666	136	369	(6, 8)	MWF	1468
667	135	442	(9, 12)	M	1468
668	135	443	(16, 19)	T	
669	8	329	(0, 3)	T	1469 2061 2295
670	44	279	(3, 5)	MWF	1843 2063
671	1	387	(7, 8)	MTWTHF	1698 2221
672	123	421	(0, 2)	MWF	1476
673	123	387	(3, 4)	MTWTHF	
674	125	444	(4, 6)	MWF	
675	38	445	(3, 4)	MTWTHF	1478
676	29	444	(0, 2)	MWF	2008 2128
677	111	297	(11, 13)	MWF	1492 2032
678	50	399	(3, 5)	MWF	
679	2	446	(7, 8)	MTWTHF	1487 1557 1732
680	19	313	(9, 11)	MWF	2234
681	123	423	(9, 11)	MWF	1650
682	1	261	(0, 2)	MWF	
683	44	385	(15, 17)	MWF	2047 2062 2258 2284
684	13	422	(7, 9)	MWF	1496 1818
685	47	427	(3, 4)	M	1499 1756
686	56	173	(3, 5)	MWF	1869
687	92	400	(0, 3)	M	1732 2288
688	58	409	(9, 11)	MWF	
689	114	297	(16, 18)	MWF	1508
690	54	426	(9, 11)	MWF	
691	54	426	(12, 14)	MWF	
692	111	262	(0, 3)	M	1524 1821
693	131	447	(14, 17)	M	
694	54	448	(7, 8)	M	1529
695	58	414	(2, 3)	MTWTHF	
696	57	419	(6, 8)	MWF	1964
697	47	450	(7, 9)	MWF	1544
698	133	450	(5, 6)	MTWTHF	
699	123	332	(5, 8)	M	1548
700	7	345	(10, 12)	MWF	1559
701	118	225	(12, 14)	MWF	1566 2297
702	81	322	(10, 13)	M	1569 1827 2098 2285
703	56	451	(0, 1)	MTWTHF	1574 1577 2197 2200
704	134	252	(2, 4)	MWF	
705	118	452	(15, 17)	MWF	1579 1737
706	114	453	(0, 2)	TTHF	1598 1694 1968
707	103	454	(7, 10)	T	1625 1971 2049 2053 2078
708	111	455	(8, 10)	MWF	1610 1885
709	132	456	(0, 2)	MWF	
710	34	343	(19, 19)	M	1628
711	134	353	(15, 17)	MWF	
712	16	457	(5, 6)	MTWTHF	1922
713	21	254	(10, 11)	M	1645 1712 1807 1835 1981
714	111	253	(0, 2)	TTHF	1807 1876
715	16	316	(0, 2)	MWF	
716	123	342	(12, 14)	MWF	2242
717	73	301	(4, 5)	MTWTHF	1673 1990 2042 2293
718	11	458	(9, 10)	T	1679 1896 1916 1918 2015 2120
719	105	293	(14, 16)	MWF	1679
720	111	441	(3, 5)	TTHF	1931 2058
721	92	361	(10, 13)	T	1684 1910
722	8	459	(18, 19)	MWF	1687 1889 1950
723	135	460	(13, 14)	M	1687
724	7	359	(8, 9)	T	1811
725	118	430	(7, 9)	TTHF	1695 1881
726	111	403	(16, 17)	MTWTHF	1924
727	113	380	(7, 12)	F	
728	46	461	(0, 2)	MWF	1702
729	51	462	(6, 11)	M	1713 2135
730	121	254	(8, 9)	MTWTHF	1960
731	9	343	(4, 5)	MTWTHF	1726
732	7	341	(0, 1)	M	
733	9	394	(2, 3)	MTWTHF	1728 1924
735	93	407	(7, 9)	MWF	1759 1831
736	103	465	(18, 19)	TH	
737	14	466	(0, 2)	MWF	1765
738	135	442	(6, 8)	TTHF	1931
739	121	467	(0, 2)	MWF	1773
740	7	254	(6, 7)	T	1784
741	118	348	(3, 5)	TTHF	2166
742	113	221	(16, 19)	W	1797 1848 2296
743	125	368	(7, 9)	MWF	
744	51	468	(14, 15)	M	2017 2046
745	27	262	(4, 6)	TTHF	2032 2064 2294
746	135	329	(15, 18)	M	1828
747	135	202	(0, 2)	MWF	2090
748	123	385	(5, 7)	TTHF	
749	130	195	(6, 8)	MWF	1864 2038 2191
750	127	202	(12, 14)	TTHF	
751	116	435	(11, 13)	MWF	
752	127	470	(4, 5)	MWF	1889
753	45	447	(6, 9)	TH	2191 2301
754	102	252	(7, 9)	MWF	
755	63	203	(9, 14)	M	2100
756	134	252	(2, 5)	T	
757	17	412	(0, 2)	MWF	2145 2262 2263
758	116	471	(9, 10)	M	1927
759	46	274	(11, 13)	MWF	1927
760	46	449	(3, 5)	MWF	1932
761	7	254	(2, 3)	MTWTHF	
762	37	403	(0, 1)	MTWTHF	
763	121	472	(3, 5)	MWF	1960
764	134	473	(5, 8)	M	
765	17	267	(5, 7)	MWF	
766	131	421	(3, 5)	MWF	1972
767	121	471	(11, 13)	MWF	1991
768	121	274	(14, 16)	MWF	1991
769	34	418	(6, 9)	T	2008 2216
770	116	435	(2, 4)	MWF	2015
771	116	NA	(14, 17)	M	2022
772	131	348	(0, 2)	MWF	2035
773	60	303	(0, 3)	M	2041
774	129	474	(4, 5)	M	2041 2211
775	129	337	(6, 9)	M	2047 2212
776	32	397	(6, 8)	MWF	2246
777	135	475	(3, 5)	TTHF	2237
778	127	476	(4, 7)	T	2061
779	60	477	(4, 6)	MWF	2065
780	60	461	(7, 9)	MWF	2088
781	29	299	(8, 9)	MTWTHF	
782	49	478	(0, 1)	MTWTHF	
783	126	445	(11, 13)	MWF	
784	49	479	(2, 3)	MTWTHF	2120
785	7	480	(0, 1)	T	
786	134	385	(9, 12)	M	
787	19	481	(0, 2)	MWF	2216 2289
788	32	481	(3, 5)	MWF	2216
789	7	466	(15, 17)	TTHF	2217
790	135	429	(9, 12)	T	2238
791	133	NA	(0, 1)	MTWTHF	2258
792	37	418	(14, 15)	MTWTHF	2280
793	53	447	(7, 10)	T	2284
794	53	482	(5, 6)	T	
