Students	2909
1	1 
2	1 
3	1 
4	2 3 78 59 
5	4 109 31 
6	5 
7	6 7 185 
8	8 317 183 270 
9	9 9 123 
10	10 11 12 86 
11	13 96 162 
12	14 15 16 
13	17 18 19 
14	20 21 22 23 83 
15	24 25 21 
16	26 107 
17	27 180 36 36 54 
18	28 15 310 48 
19	29 30 31 
20	31 32 126 
21	33 187 
22	20 
23	5 34 182 94 
24	9 9 35 12 36 36 37 
25	38 39 39 12 37 218 
26	40 41 42 
27	43 21 44 
28	45 30 325 
29	10 11 
30	46 47 48 119 
31	21 16 318 285 
32	49 34 152 
33	50 21 51 148 
34	16 52 53 
35	54 16 
36	47 270 
37	55 56 57 17 
38	58 9 9 57 
39	59 26 
40	60 41 144 
41	61 62 77 
42	63 40 205 
43	64 65 55 243 
44	66 67 3 68 69 
45	61 31 
46	70 71 16 
47	72 73 36 260 55 36 
48	74 74 49 
49	75 67 234 252 66 
50	30 
51	57 158 116 
52	76 31 
53	73 21 307 
54	40 63 151 
55	77 29 78 31 
56	64 9 9 79 158 
57	80 304 305 31 
58	66 81 82 
59	83 35 329 
60	31 84 29 
61	85 28 
62	86 12 37 69 
63	86 80 304 305 
64	40 31 162 
65	87 30 257 
66	88 107 146 
67	55 30 
68	64 89 89 90 
69	91 92 34 178 252 
70	21 3 201 
71	19 24 25 18 
72	16 318 
73	77 29 31 127 
74	60 144 
75	93 21 174 23 217 
76	94 95 96 92 
77	97 16 133 271 
78	97 13 98 59 
79	5 224 95 
80	49 42 99 310 
81	15 103 52 
82	57 
83	100 91 92 34 252 
84	101 102 
85	103 259 303 91 110 
86	38 37 290 12 
87	3 104 178 201 
88	105 106 189 123 
89	27 176 229 149 
90	21 51 108 
91	107 108 21 109 
92	110 259 103 303 
93	21 20 102 154 
94	111 31 
95	6 185 117 205 72 
96	112 113 31 146 102 
97	28 111 77 
98	114 91 
99	29 104 292 31 
100	21 45 32 
101	73 115 116 44 
102	103 15 110 
103	21 3 117 50 
104	118 141 
105	34 
106	119 67 21 
107	21 120 121 122 
108	104 123 122 
109	61 31 28 200 
110	5 146 43 101 
111	5 182 43 
112	119 123 5 
113	85 63 265 
114	124 125 114 
115	96 38 12 
116	64 9 9 126 35 
117	77 29 31 127 
118	17 19 31 
119	107 27 261 
120	77 128 129 130 
121	29 127 31 
122	131 31 127 
123	132 77 34 
124	133 134 16 
125	58 77 31 
126	64 9 9 88 135 
127	49 51 70 
128	9 9 89 89 
129	86 37 43 110 333 89 89 
130	91 34 252 21 
131	130 129 
132	111 91 34 
133	90 135 64 143 
134	29 5 31 
135	85 136 257 318 
136	31 127 91 92 252 
137	137 5 
138	87 138 108 172 
139	40 63 89 89 
140	94 139 30 22 
141	40 140 10 83 158 
142	141 45 31 
143	119 
144	142 61 31 143 
145	56 155 157 89 89 
146	113 98 144 
147	145 
148	146 147 91 70 
149	4 75 31 
150	148 89 89 90 158 
151	149 308 183 
152	9 9 131 31 36 36 
153	150 162 36 257 36 
154	151 94 45 120 
155	152 153 154 143 
156	155 56 156 157 
157	12 
158	94 45 95 88 31 
159	158 88 41 
160	68 95 231 264 178 69 
161	2 
162	94 8 195 30 
163	137 14 3 159 
164	160 125 106 
165	161 106 186 176 
166	63 200 257 
167	150 159 198 331 
168	141 
169	56 155 157 
170	162 214 166 60 
171	163 164 281 
172	55 71 269 
173	165 40 9 9 166 
174	167 168 109 203 
175	66 68 63 70 69 
176	64 55 158 
177	94 88 225 320 
178	59 72 177 108 
179	137 150 78 
180	61 292 264 150 31 288 
181	133 169 170 
182	167 171 35 272 168 
183	9 9 133 158 57 
184	9 9 107 35 90 
185	172 94 3 45 
186	173 67 154 
187	163 150 
188	137 41 32 320 34 
189	45 174 158 
190	60 94 45 
191	94 175 218 
192	163 45 95 
193	101 176 45 95 
194	177 3 178 150 
195	129 258 101 
196	24 179 115 22 
197	14 
198	165 124 
199	1 
200	158 96 
201	70 180 68 235 
202	9 9 89 89 94 101 
203	148 74 74 55 
204	97 151 242 70 
205	97 178 181 146 
206	147 158 90 91 182 92 
207	183 184 79 
208	35 
209	83 10 2 
210	26 95 139 
211	94 30 231 
212	24 158 91 92 273 
213	41 12 12 37 
214	101 159 44 
215	185 150 6 
216	186 161 216 
217	187 188 31 131 
218	56 155 157 174 
219	9 9 2 158 36 36 
220	94 175 116 
221	64 9 9 170 90 
222	74 74 161 105 189 328 
223	3 122 75 
224	106 123 
225	190 53 132 225 
226	59 
227	24 191 159 53 
228	150 100 70 
229	192 193 
230	35 154 146 
231	42 93 32 78 
232	74 74 240 
233	99 194 174 
234	28 158 182 
235	35 113 160 
236	195 132 
237	79 205 
238	12 32 37 39 39 
239	145 31 204 283 
240	196 187 333 
241	50 35 176 252 
242	197 193 
243	77 268 132 31 
244	56 155 157 
245	198 89 89 88 5 55 
246	33 129 231 243 
247	72 2 35 36 36 
248	172 199 199 63 325 
249	200 35 36 187 36 
250	32 322 161 324 
251	72 55 74 74 145 
252	93 28 188 126 
253	27 156 242 143 
254	175 201 
255	101 151 146 202 272 
256	59 146 150 
257	137 42 115 22 
258	24 27 120 203 
259	204 161 325 235 
260	148 205 158 
261	87 45 292 296 
262	9 9 186 55 160 
263	198 89 89 64 
264	206 207 210 96 96 
265	150 68 69 75 
266	208 93 21 
267	9 89 89 101 9 
268	209 117 163 156 
269	210 229 149 223 288 
270	199 199 234 
271	148 74 74 79 
272	74 211 212 74 35 
273	55 148 74 74 
274	72 55 9 9 36 36 
275	213 135 30 74 74 
276	75 199 199 148 143 
277	196 68 70 211 
278	72 2 214 215 
279	67 44 59 231 
280	209 59 216 23 217 
281	145 39 235 39 36 36 
282	216 161 123 32 
283	137 94 147 104 
284	41 287 63 
285	207 74 74 135 79 
286	158 74 74 321 45 
287	148 216 74 74 321 
288	107 32 169 
289	218 225 259 227 
290	204 36 36 235 8 
291	87 108 172 35 
292	195 44 
293	151 94 
294	219 236 
295	220 273 
296	145 259 103 303 
297	45 41 162 330 
298	148 74 89 89 74 109 
299	200 138 78 124 
300	74 74 205 162 321 
301	94 45 175 
302	221 100 261 23 217 334 
303	222 
304	223 38 219 39 39 
305	156 146 178 
306	224 124 194 
307	72 50 27 94 
308	225 71 226 227 126 
309	55 148 74 74 109 
310	165 9 9 2 200 
311	228 22 
312	36 94 45 36 207 
313	74 74 41 135 324 
314	218 53 132 264 211 
315	137 59 159 
316	229 149 
317	2 45 94 
318	137 59 45 
319	72 80 178 257 
320	187 56 
321	2 230 211 135 
322	77 131 53 231 
323	211 36 36 321 
324	231 232 150 
325	72 200 216 2 
326	77 174 53 
327	188 249 
328	199 199 164 146 230 
329	72 40 107 257 150 
330	83 164 38 267 
331	149 227 198 
332	207 186 54 291 291 52 
333	177 117 271 146 
334	9 9 89 89 79 330 
335	59 20 27 28 
336	78 215 228 41 
337	222 149 183 39 39 
338	9 89 89 90 9 
339	74 74 233 156 38 
340	94 131 
341	41 200 74 74 170 89 89 
342	199 199 53 114 320 
343	229 259 103 303 
344	59 243 191 63 
345	204 320 164 31 
346	9 9 158 36 36 109 
347	187 59 31 
348	72 216 147 307 
349	202 
350	9 131 89 89 234 9 
351	149 41 31 
352	161 41 105 252 
353	60 70 215 137 
354	197 183 270 288 322 
355	74 198 235 74 325 
356	94 
357	199 199 
358	236 219 211 200 
359	88 
360	72 150 325 178 
361	72 40 55 91 92 
362	72 35 92 
363	72 94 8 230 
364	237 238 232 91 
365	207 44 216 322 
366	216 186 325 199 199 
367	177 216 211 36 36 
368	78 173 109 
369	164 213 24 102 
370	101 219 216 239 240 211 
371	211 241 115 200 
372	199 199 60 186 
373	72 35 75 
374	9 90 173 9 64 
375	195 215 207 44 
376	175 91 92 
377	215 54 199 199 70 
378	173 242 252 70 
379	213 36 242 321 36 
380	224 36 36 55 
381	35 215 186 70 
382	74 74 164 195 
383	216 320 8 143 
384	74 74 67 164 8 
385	78 215 216 173 
386	35 36 44 36 
387	196 232 231 329 
388	150 177 28 311 
389	198 195 120 116 
390	186 41 227 321 39 39 
391	164 8 227 78 
392	78 215 207 230 
393	72 50 35 296 
394	74 74 145 216 315 
395	35 321 283 200 
396	207 54 135 
397	2 200 70 68 
398	243 216 253 250 
399	151 207 23 150 
400	131 78 
401	28 
402	230 23 
403	215 212 244 
404	245 215 243 
405	207 242 250 87 
406	101 94 5 95 96 
407	219 80 304 305 
408	246 120 228 
409	44 242 321 231 
410	247 248 216 200 34 
411	186 283 321 
412	78 216 41 22 
413	216 
414	74 74 235 187 258 36 36 
415	186 195 
416	216 229 173 
417	249 250 103 
418	72 158 186 251 41 
419	28 200 211 252 
420	173 36 321 109 36 
421	211 231 36 36 148 
422	28 200 219 78 328 
423	137 219 35 151 
424	44 211 109 
425	89 89 8 74 74 109 
426	78 186 41 187 
427	142 187 235 41 
428	219 208 
429	41 200 187 216 137 
430	199 199 109 36 36 321 
431	74 216 74 321 
432	229 200 109 41 
433	78 164 
434	72 211 39 39 207 220 
435	235 
436	36 269 250 36 8 239 
437	41 74 74 235 187 150 
438	219 211 200 235 137 
439	164 219 45 70 
440	230 173 23 216 
441	210 75 70 
442	74 74 216 173 283 
443	173 177 39 39 217 
444	173 36 36 
445	74 36 74 175 36 
446	216 241 253 
447	72 41 140 
448	101 74 74 321 
449	173 74 74 9 9 151 
450	131 77 53 235 259 
451	229 
452	224 
453	229 
454	153 
455	245 
456	67 
457	2 70 113 
458	210 99 273 320 
459	43 254 143 278 
460	94 83 45 195 
461	85 101 240 255 330 269 
462	158 34 30 
463	58 88 5 
464	85 58 89 89 
465	1 
466	256 128 234 
467	15 75 275 178 
468	99 268 
469	21 6 3 
470	29 129 130 76 
471	91 182 49 92 
472	76 77 132 
473	11 6 
474	126 
475	63 257 40 
476	258 127 29 31 
477	65 16 
478	172 123 
479	5 225 
480	34 
481	43 191 159 333 
482	89 41 89 
483	9 9 89 89 135 88 
484	66 67 159 183 
485	74 74 131 62 31 
486	259 103 303 
487	91 92 
488	101 119 102 
489	5 91 182 154 
490	9 9 8 36 36 52 
491	205 178 169 228 325 
492	61 128 62 230 
493	64 20 97 107 
494	131 127 321 78 
495	142 23 249 
496	181 249 52 146 
497	89 89 244 64 90 
498	77 227 31 150 131 
499	59 183 3 
500	128 77 321 
501	55 9 9 158 210 
502	234 299 320 28 
503	129 33 101 
504	258 105 53 
505	36 216 36 143 
506	155 56 39 39 131 
507	115 260 150 112 
508	142 207 204 
509	261 218 
510	72 211 36 36 321 
511	63 
512	176 262 150 
513	24 179 
514	146 94 
515	72 163 100 116 333 
516	242 105 91 92 109 
517	35 263 244 
518	200 78 218 
519	153 54 126 185 
520	235 204 215 
521	242 229 164 321 
522	178 35 
523	225 161 265 252 
524	55 9 9 97 89 89 
525	249 156 103 
526	35 126 
527	158 42 8 250 
528	242 72 45 75 
529	213 22 195 
530	249 186 109 200 
531	259 39 39 211 
532	94 45 
533	120 115 173 36 36 
534	200 177 74 74 
535	78 216 36 36 321 
536	142 172 235 116 
537	72 162 150 
538	101 266 187 327 321 
539	41 36 36 55 70 34 
540	83 173 143 
541	72 78 195 
542	242 70 23 
543	72 216 173 267 
544	242 220 273 44 
545	216 8 321 100 333 
546	28 235 39 39 
547	35 215 
548	250 41 70 22 
549	158 195 137 
550	242 158 207 244 
551	267 
552	167 148 87 44 
553	186 161 44 325 
554	188 72 215 70 
555	218 242 22 228 
556	74 74 211 39 39 
557	242 186 122 
558	42 71 
559	187 200 27 151 
560	242 156 219 
561	268 231 204 
562	74 74 211 150 231 
563	229 200 51 
564	176 35 219 228 
565	72 35 215 36 36 
566	73 8 150 
567	242 186 8 36 36 
568	2 126 
569	122 211 
570	158 
571	270 325 
572	17 18 290 19 
573	167 213 115 
574	5 267 
575	155 18 
576	23 217 95 
577	271 49 310 
578	237 10 11 162 
579	89 89 141 91 
580	34 5 
581	199 199 49 156 35 
582	170 42 
583	154 
584	91 
585	58 57 
586	258 33 
587	104 78 71 201 54 
588	149 192 96 96 
589	72 97 35 
590	229 149 153 43 
591	55 89 89 74 74 321 
592	91 92 
593	216 273 320 
594	142 238 23 
595	28 53 188 227 
596	188 35 
597	268 150 91 92 
598	148 74 74 229 216 
599	72 199 35 162 199 
600	151 78 131 
601	200 199 199 36 36 70 
602	229 192 325 
603	222 156 39 39 
604	74 74 235 39 39 207 
605	151 186 175 158 
606	196 
607	72 215 41 
608	221 8 267 333 150 
609	94 
610	153 211 
611	229 
612	55 9 9 89 89 
613	148 52 
614	221 267 21 
615	37 80 304 305 74 74 86 
616	91 34 30 
617	51 
618	25 
619	16 22 71 
620	13 96 
621	258 29 
622	94 32 45 
623	152 49 42 
624	153 128 274 
625	163 21 23 217 333 
626	81 31 181 
627	10 24 272 273 260 
628	30 191 249 
629	55 74 74 
630	21 257 78 
631	74 74 79 72 
632	20 159 191 
633	94 88 120 95 
634	92 
635	89 89 36 36 88 
636	256 321 
637	137 60 139 
638	9 9 244 156 335 
639	262 47 28 
640	212 
641	210 117 
642	142 259 211 53 
643	74 74 38 219 37 332 
644	137 35 175 
645	258 33 147 31 
646	28 204 200 131 
647	74 74 55 320 36 36 
648	124 275 234 
649	115 
650	137 35 228 126 
651	28 200 276 
652	74 74 206 72 128 
653	74 72 74 328 158 
654	146 277 48 
655	278 255 332 
656	186 
657	9 9 235 
658	213 33 129 
659	72 74 211 74 218 
660	228 216 8 120 
661	164 233 219 115 23 
662	215 325 36 36 
663	216 41 230 
664	225 231 
665	229 235 78 216 92 
666	211 231 279 321 235 
667	195 173 116 36 36 
668	72 50 
669	32 123 60 83 
670	158 210 
671	21 6 116 
672	259 110 99 
673	6 280 185 
674	155 56 157 
675	137 8 194 321 
676	90 257 28 
677	94 30 
678	186 120 
679	281 190 258 
680	59 119 3 
681	88 
682	4 29 31 
683	84 244 284 
684	91 
685	75 59 54 87 
686	61 231 131 31 150 
687	155 56 89 89 157 
688	259 53 36 36 211 
689	87 184 211 
690	229 241 317 
691	38 41 
692	107 188 195 215 
693	282 
694	268 204 131 
695	94 
696	51 91 92 
697	94 88 
698	262 226 
699	159 59 
700	161 252 186 7 
701	72 35 160 36 36 
702	105 106 325 
703	188 179 121 235 
704	9 9 196 116 235 126 
705	216 207 321 241 
706	27 249 51 191 
707	72 150 
708	151 202 150 68 69 
709	236 
710	271 116 96 96 
711	211 39 39 91 92 215 
712	72 105 273 44 
713	215 36 36 
714	231 225 
715	246 200 249 315 
716	72 213 
717	109 
718	1 
719	85 63 267 
720	168 
721	17 18 19 92 
722	100 123 322 
723	15 105 107 307 
724	87 42 
725	64 103 41 166 
726	52 284 84 
727	204 31 325 
728	104 124 
729	186 38 156 175 
730	74 199 199 74 38 12 
731	74 74 148 36 36 
732	61 76 22 
733	59 146 45 
734	229 180 333 
735	285 
736	187 82 
737	231 89 89 
738	286 154 
739	83 219 164 36 36 
740	9 266 101 9 326 
741	188 275 114 318 
742	211 235 225 204 
743	28 238 158 96 96 
744	54 216 315 195 
745	74 74 213 83 
746	265 
747	94 
748	216 235 320 187 
749	245 
750	6 
751	229 
752	161 
753	49 92 
754	4 29 105 31 
755	56 17 120 
756	18 19 103 
757	36 36 
758	58 200 78 
759	9 9 34 30 
760	66 70 116 
761	59 141 3 121 
762	36 83 77 36 9 9 
763	81 96 
764	270 
765	146 287 154 269 255 59 
766	182 88 195 
767	64 238 94 88 
768	87 3 191 
769	270 28 61 149 
770	177 30 184 227 268 
771	99 114 
772	94 120 91 92 
773	74 74 147 148 158 
774	76 235 131 
775	158 
776	158 
777	148 74 74 41 158 
778	60 207 289 252 
779	8 265 70 75 
780	40 322 325 42 
781	72 186 35 
782	145 96 96 
783	76 53 
784	244 
785	91 
786	109 
787	229 
788	145 
789	78 241 
790	91 92 96 
791	164 258 33 127 96 
792	58 135 148 
793	24 115 273 291 291 
794	21 30 265 
795	77 31 
796	168 25 
797	8 
798	17 19 18 
799	5 30 
800	21 141 121 119 
801	32 200 322 
802	43 234 
803	10 11 171 
804	55 64 34 
805	29 127 31 
806	6 293 235 
807	33 34 
808	58 9 9 131 
809	16 194 325 
810	35 186 104 194 
811	148 39 39 235 150 
812	69 231 
813	107 161 169 182 
814	75 80 304 305 
815	59 158 182 44 
816	147 
817	136 
818	153 
819	91 92 
820	294 89 89 
821	295 
822	235 39 39 206 231 
823	39 39 72 9 9 
824	262 83 94 
825	61 31 77 127 
826	155 56 157 170 
827	16 109 
828	198 214 216 53 
829	188 224 215 148 
830	196 116 68 291 291 69 
831	258 187 211 235 
832	45 
833	28 30 78 
834	102 150 229 
835	89 89 
836	76 131 
837	224 196 98 
838	39 39 9 9 32 38 
839	237 199 199 249 232 
840	216 36 116 36 35 
841	238 126 109 195 
842	247 156 273 150 
843	151 173 36 36 
844	151 211 8 36 36 
845	199 199 227 228 69 172 
846	74 74 199 199 211 
847	273 216 138 50 
848	176 137 175 
849	42 
850	229 53 
851	24 227 9 9 
852	145 91 92 
853	145 32 
854	296 
855	245 
856	187 81 82 
857	59 191 159 78 
858	191 
859	245 
860	134 214 271 
861	259 131 77 84 
862	274 314 67 
863	58 89 135 89 
864	10 11 310 
865	16 137 275 
866	64 58 90 
867	81 233 
868	126 106 252 105 
869	35 113 230 257 70 
870	106 189 234 
871	101 256 297 
872	81 259 103 303 
873	107 108 93 
874	292 298 122 
875	49 291 291 35 
876	62 128 274 18 
877	101 
878	9 9 108 191 231 
879	77 76 176 31 
880	200 113 144 177 
881	88 95 105 
882	91 92 
883	34 30 91 
884	227 
885	32 
886	3 159 162 40 
887	146 82 
888	129 33 
889	94 205 147 45 
890	173 78 22 92 
891	188 78 109 
892	227 28 245 70 211 
893	27 228 216 
894	76 131 
895	269 255 
896	268 54 191 
897	28 
898	216 173 201 210 
899	72 74 74 89 89 135 
900	72 137 42 205 
901	235 173 83 31 
902	88 90 64 67 
903	104 
904	87 320 229 
905	235 115 227 
906	138 8 36 36 31 
907	27 186 216 
908	36 36 83 28 
909	42 
910	150 
911	76 131 
912	227 
913	229 149 197 
914	112 300 
915	134 
916	109 
917	172 
918	301 234 
919	150 
920	45 32 296 
921	94 
922	211 321 72 78 229 
923	109 
924	91 92 
925	211 
926	145 
927	273 
928	180 
929	17 19 146 
930	176 110 
931	145 63 331 
932	61 174 23 31 
933	151 28 
934	259 103 302 303 
935	29 33 130 31 
936	91 
937	105 123 
938	80 304 305 
939	76 29 
940	5 32 182 
941	38 12 37 290 86 
942	274 
943	274 152 
944	34 
945	255 21 15 
946	107 21 109 108 
947	259 103 303 
948	59 296 159 
949	94 90 45 182 
950	71 70 
951	52 284 
952	6 280 
953	16 
954	193 
955	27 89 89 
956	64 
957	223 
958	131 
959	31 
960	148 74 74 28 175 
961	200 26 126 
962	53 320 178 299 
963	120 248 306 234 
964	164 286 50 
965	64 205 12 332 
966	171 167 
967	261 221 209 3 
968	33 258 283 
969	190 124 160 
970	77 227 109 31 127 
971	204 131 
972	219 216 321 195 
973	259 53 268 
974	80 304 305 312 
975	100 216 241 91 217 333 
976	159 
977	286 194 72 318 
978	59 188 121 
979	155 104 
980	150 227 
981	30 
982	268 132 
983	295 234 
984	89 89 
985	158 
986	268 202 132 
987	164 
988	259 103 303 31 
989	241 
990	36 74 74 83 36 218 
991	36 36 55 79 
992	147 307 150 
993	9 89 283 169 9 89 
994	9 9 31 39 39 315 
995	9 36 9 2 36 148 
996	59 188 
997	208 
998	237 28 276 
999	60 213 78 
1000	216 8 228 22 288 
1001	207 36 36 74 74 109 
1002	67 235 39 39 7 
1003	228 54 291 291 273 
1004	229 120 8 
1005	142 235 8 150 
1006	219 36 231 36 
1007	199 199 216 321 74 74 
1008	229 
1009	164 38 235 
1010	308 53 320 
1011	149 193 
1012	72 145 
1013	309 
1014	225 259 
1015	163 
1016	96 96 
1017	283 119 
1018	80 304 305 
1019	35 216 321 
1020	78 
1021	129 
1022	28 187 
1023	211 
1024	200 122 
1025	266 158 230 
1026	71 16 232 
1027	17 18 19 36 36 
1028	94 30 
1029	73 113 160 
1030	12 37 
1031	13 5 30 
1032	200 49 43 
1033	16 
1034	86 12 
1035	87 210 
1036	10 11 171 
1037	102 150 96 
1038	148 158 90 
1039	137 180 295 25 
1040	10 11 
1041	20 70 13 
1042	61 31 230 
1043	163 258 33 150 
1044	91 34 30 
1045	40 257 216 
1046	94 279 
1047	42 32 178 
1048	270 75 265 310 
1049	51 21 252 
1050	298 201 
1051	94 88 30 115 
1052	229 149 270 
1053	38 74 74 67 164 
1054	149 46 315 176 
1055	148 9 219 79 9 
1056	158 
1057	258 129 130 
1058	259 91 92 
1059	49 
1060	176 183 225 
1061	53 
1062	99 91 92 
1063	53 252 
1064	177 191 
1065	66 
1066	91 92 
1067	122 
1068	88 
1069	183 
1070	91 92 
1071	137 
1072	179 
1073	30 
1074	66 
1075	148 
1076	310 
1077	222 
1078	91 
1079	220 179 260 
1080	186 161 230 216 
1081	64 35 252 205 
1082	236 33 129 311 
1083	235 206 316 146 
1084	52 297 150 28 
1085	156 35 178 
1086	155 56 157 
1087	50 231 216 116 
1088	249 45 244 207 
1089	151 161 105 
1090	24 210 115 273 
1091	59 164 289 96 100 
1092	72 36 36 70 
1093	208 209 196 333 
1094	72 70 194 
1095	142 44 60 
1096	96 121 
1097	36 36 252 67 
1098	235 204 78 42 
1099	229 59 150 
1100	74 74 219 200 211 
1101	59 20 97 51 
1102	101 9 9 89 89 
1103	142 167 179 22 
1104	35 243 126 
1105	194 200 252 
1106	161 106 123 
1107	118 22 44 
1108	268 227 53 
1109	101 76 
1110	91 92 
1111	149 268 183 270 
1112	186 
1113	6 185 36 36 
1114	91 92 
1115	311 
1116	6 117 150 313 
1117	71 99 262 
1118	131 78 31 229 
1119	222 149 197 
1120	177 150 91 92 
1121	309 
1122	129 
1123	131 78 229 31 
1124	80 150 194 
1125	94 44 
1126	215 243 264 288 312 
1127	190 153 134 
1128	101 148 79 55 
1129	28 188 45 109 
1130	28 204 
1131	72 211 36 36 201 328 
1132	231 94 45 175 
1133	145 23 217 109 78 
1134	148 211 158 91 92 9 9 
1135	216 53 83 272 320 
1136	259 53 235 216 
1137	216 53 235 131 
1138	66 75 44 
1139	59 83 67 
1140	114 320 270 34 
1141	9 9 89 89 200 67 
1142	139 88 321 336 
1143	148 74 59 74 
1144	137 60 124 70 
1145	235 145 55 28 
1146	77 31 288 264 
1147	225 41 31 
1148	96 96 
1149	142 245 321 
1150	115 
1151	72 172 41 42 
1152	74 74 175 36 36 158 
1153	215 158 150 218 
1154	72 224 241 
1155	216 218 116 120 
1156	216 36 36 35 188 
1157	78 228 186 45 
1158	38 211 
1159	229 225 53 
1160	131 
1161	268 
1162	205 
1163	229 
1164	91 92 
1165	198 
1166	117 
1167	184 295 
1168	51 
1169	268 
1170	67 
1171	145 
1172	184 
1173	158 91 92 150 
1174	258 129 
1175	212 244 
1176	71 104 
1177	153 
1178	227 
1179	41 90 
1180	148 79 158 
1181	227 78 
1182	100 91 92 
1183	259 211 41 321 
1184	27 235 216 283 
1185	229 35 36 36 175 
1186	211 39 39 321 
1187	28 
1188	36 28 36 
1189	291 291 28 
1190	211 286 
1191	235 216 320 207 
1192	80 304 305 218 
1193	28 311 36 36 
1194	211 231 74 74 
1195	27 228 216 231 
1196	246 187 45 207 
1197	55 79 
1198	115 199 
1199	241 
1200	72 
1201	83 
1202	91 92 
1203	211 78 
1204	91 92 
1205	148 
1206	229 
1207	42 
1208	241 
1209	49 105 279 
1210	73 21 52 
1211	59 45 182 
1212	293 136 265 286 
1213	34 30 
1214	176 42 106 
1215	31 
1216	117 
1217	16 265 53 
1218	85 93 145 
1219	27 
1220	142 141 65 
1221	43 26 
1222	19 55 18 158 
1223	30 
1224	46 148 301 
1225	147 16 276 285 
1226	21 93 198 
1227	177 21 186 91 92 
1228	290 86 37 
1229	56 38 86 37 
1230	16 273 318 
1231	152 49 117 
1232	120 31 
1233	91 92 150 
1234	161 106 324 325 
1235	101 76 
1236	73 97 
1237	72 158 59 35 
1238	55 
1239	91 92 
1240	6 
1241	25 180 98 
1242	38 12 37 
1243	17 18 19 131 
1244	5 95 
1245	274 33 
1246	182 32 
1247	58 89 190 89 
1248	63 257 85 200 
1249	259 103 
1250	114 291 291 96 96 
1251	99 
1252	256 2 244 
1253	124 34 293 169 
1254	111 146 124 227 
1255	16 295 
1256	33 129 
1257	64 97 135 216 
1258	246 162 
1259	40 97 104 205 
1260	9 9 89 94 89 
1261	148 89 89 42 321 
1262	59 131 77 
1263	139 
1264	83 200 39 39 142 
1265	210 196 320 
1266	63 176 105 124 
1267	30 
1268	158 
1269	91 92 
1270	76 29 78 
1271	99 
1272	221 
1273	270 262 
1274	91 92 
1275	5 
1276	26 293 233 
1277	53 227 
1278	90 79 
1279	156 13 
1280	227 
1281	79 
1282	91 92 
1283	13 
1284	62 
1285	229 199 199 
1286	32 160 
1287	48 49 
1288	79 
1289	114 
1290	209 138 
1291	66 108 
1292	24 167 
1293	15 153 
1294	90 
1295	66 12 
1296	148 
1297	196 
1298	42 205 
1299	211 63 299 
1300	97 150 107 
1301	149 27 164 176 
1302	76 77 89 294 89 31 
1303	207 106 9 9 148 
1304	174 127 69 
1305	148 75 20 107 
1306	94 
1307	51 182 
1308	163 267 209 333 190 
1309	149 183 96 96 262 
1310	232 91 92 214 
1311	42 32 
1312	229 
1313	28 21 
1314	146 181 200 257 
1315	208 120 116 59 
1316	30 94 201 96 
1317	161 41 105 
1318	42 
1319	296 91 92 
1320	215 216 180 321 
1321	83 275 295 
1322	252 70 164 219 
1323	229 186 8 120 
1324	177 235 83 209 
1325	2 43 208 120 
1326	94 88 41 30 
1327	55 74 216 148 74 
1328	145 82 
1329	133 214 271 134 
1330	67 
1331	149 47 53 
1332	94 32 44 
1333	235 207 33 129 
1334	66 177 150 
1335	256 
1336	257 
1337	9 9 72 
1338	268 53 89 150 89 
1339	96 96 
1340	167 220 179 
1341	306 218 
1342	76 131 70 
1343	94 
1344	262 222 47 
1345	63 40 
1346	102 
1347	316 
1348	235 
1349	268 131 
1350	89 89 
1351	179 272 
1352	36 36 40 
1353	74 74 94 147 45 
1354	73 164 245 70 
1355	74 74 78 321 
1356	224 210 124 
1357	317 229 149 
1358	235 321 131 204 
1359	250 132 
1360	148 158 74 74 321 
1361	83 74 74 170 89 89 328 
1362	148 74 135 89 74 328 89 
1363	208 186 105 161 
1364	78 250 205 187 
1365	249 79 74 74 41 
1366	44 
1367	188 211 320 225 169 
1368	188 211 53 72 
1369	224 164 
1370	71 200 
1371	211 235 204 
1372	102 253 
1373	74 36 148 74 36 158 
1374	199 199 89 89 35 
1375	72 210 160 
1376	94 186 51 
1377	78 215 173 
1378	281 78 250 36 36 
1379	177 219 73 330 
1380	202 118 187 
1381	216 228 
1382	148 232 273 36 36 
1383	199 291 199 291 68 69 
1384	36 36 74 74 296 87 
1385	116 180 
1386	74 74 28 224 249 
1387	36 36 239 8 321 
1388	146 
1389	28 229 
1390	84 
1391	53 228 
1392	107 161 186 201 
1393	87 150 
1394	38 
1395	156 91 92 
1396	309 
1397	92 91 53 211 
1398	150 
1399	177 
1400	317 
1401	122 
1402	103 
1403	276 
1404	229 
1405	210 
1406	309 
1407	91 92 53 
1408	179 237 
1409	76 204 229 
1410	307 
1411	235 
1412	151 
1413	229 149 8 
1414	72 
1415	227 
1416	94 
1417	52 234 
1418	53 320 
1419	53 91 92 
1420	249 
1421	225 53 150 
1422	8 
1423	103 227 
1424	235 
1425	211 53 
1426	223 192 
1427	210 94 
1428	192 259 320 53 8 
1429	214 134 94 
1430	237 10 220 
1431	28 
1432	211 39 39 243 23 
1433	27 35 216 92 23 
1434	27 315 320 235 
1435	196 235 39 39 
1436	164 219 321 36 36 
1437	74 74 213 158 36 36 
1438	72 219 35 126 
1439	26 119 318 78 
1440	236 109 124 
1441	148 74 74 216 335 
1442	91 
1443	72 
1444	211 
1445	211 91 92 
1446	120 
1447	212 
1448	176 
1449	211 91 92 
1450	196 
1451	8 
1452	72 
1453	245 
1454	193 
1455	284 
1456	229 24 
1457	51 
1458	229 197 149 
1459	99 323 204 
1460	49 319 271 154 
1461	156 125 252 
1462	137 35 
1463	17 18 19 91 92 96 
1464	49 154 269 332 
1465	5 6 104 
1466	254 
1467	21 172 
1468	35 178 
1469	38 78 12 211 
1470	122 45 158 211 
1471	263 173 96 96 
1472	249 146 264 288 
1473	148 9 55 9 229 
1474	204 235 131 268 31 
1475	156 287 44 150 
1476	72 188 321 96 
1477	88 253 55 95 
1478	252 
1479	28 200 94 36 36 
1480	269 94 255 45 7 
1481	72 39 216 39 
1482	173 36 36 
1483	173 235 204 
1484	27 211 321 89 89 
1485	211 39 39 321 
1486	57 135 
1487	258 
1488	74 74 
1489	110 86 37 169 
1490	320 318 95 106 96 96 
1491	320 53 283 210 
1492	320 31 
1493	31 
1494	53 89 89 9 9 231 
1495	53 
1496	238 
1497	142 133 235 
1498	308 103 303 
1499	229 146 211 316 156 
1500	80 304 305 
1501	164 
1502	235 131 
1503	122 
1504	146 
1505	131 
1506	136 
1507	109 
1508	91 92 
1509	296 109 
1510	200 
1511	91 92 
1512	16 
1513	94 
1514	78 147 164 39 39 
1515	154 
1516	322 
1517	77 123 
1518	94 315 42 
1519	123 
1520	183 270 316 
1521	28 83 
1522	15 16 
1523	169 148 9 9 8 
1524	148 158 45 243 
1525	101 146 43 
1526	166 148 40 170 
1527	158 
1528	94 88 190 
1529	215 
1530	88 91 
1531	97 90 
1532	81 
1533	71 126 109 320 35 
1534	162 297 166 244 
1535	181 48 260 22 213 
1536	138 78 285 194 
1537	322 325 321 105 
1538	60 228 45 252 
1539	216 41 
1540	94 229 175 34 
1541	89 89 45 158 36 36 
1542	211 89 89 36 36 
1543	191 32 63 
1544	94 162 321 69 
1545	52 297 
1546	91 92 
1547	235 
1548	53 
1549	55 158 
1550	23 217 149 262 163 
1551	71 124 
1552	70 
1553	94 321 27 36 36 
1554	72 53 
1555	77 53 101 
1556	173 
1557	242 265 178 321 
1558	235 22 
1559	70 74 74 44 
1560	164 126 254 150 
1561	131 
1562	154 
1563	94 91 92 
1564	53 211 
1565	53 150 
1566	216 
1567	109 
1568	101 131 235 
1569	27 250 126 75 
1570	72 74 36 36 74 
1571	200 235 229 
1572	187 
1573	142 
1574	291 291 158 321 
1575	219 78 289 159 
1576	216 
1577	91 92 
1578	200 
1579	126 54 321 
1580	156 48 235 
1581	55 35 
1582	94 5 150 
1583	237 25 44 231 
1584	172 77 62 4 
1585	253 
1586	178 
1587	96 117 96 
1588	155 56 157 
1589	286 194 124 141 
1590	131 77 181 
1591	174 42 
1592	307 
1593	211 235 204 105 
1594	230 242 
1595	231 53 
1596	105 265 252 
1597	116 22 156 
1598	328 38 37 12 
1599	309 
1600	53 
1601	91 92 
1602	91 92 
1603	49 
1604	144 
1605	109 150 283 325 
1606	89 89 
1607	90 
1608	146 49 107 
1609	40 
1610	116 
1611	174 258 
1612	64 174 
1613	73 
1614	109 36 36 321 211 
1615	131 
1616	201 
1617	53 
1618	228 
1619	195 
1620	153 
1621	249 
1622	156 283 47 23 
1623	249 
1624	180 
1625	229 316 
1626	53 
1627	107 138 207 92 
1628	91 92 
1629	321 219 35 36 36 
1630	322 
1631	178 
1632	96 96 
1633	188 
1634	90 64 
1635	207 216 162 
1636	150 
1637	330 
1638	234 
1639	150 
1640	91 
1641	91 
1642	321 
1643	74 74 200 27 89 89 161 
1644	194 
1645	231 
1646	239 332 
1647	205 
1648	211 
1649	235 
1650	97 
1651	107 128 322 31 
1652	43 
1653	54 16 134 
1654	21 42 107 
1655	170 
1656	71 65 16 257 
1657	194 124 
1658	150 
1659	117 
1660	96 96 
1661	35 
1662	185 320 126 
1663	177 217 
1664	195 
1665	269 178 
1666	28 122 211 218 
1667	78 
1668	281 
1669	30 
1670	32 31 
1671	104 265 30 
1672	131 
1673	148 
1674	318 
1675	270 169 
1676	40 
1677	122 322 
1678	83 
1679	78 
1680	241 120 
1681	28 
1682	88 
1683	335 309 
1684	20 
1685	256 
1686	150 
1687	120 
1688	161 53 
1689	169 
1690	78 227 
1691	132 174 
1692	132 
1693	183 172 199 94 199 
1694	218 
1695	225 
1696	96 96 
1697	325 
1698	31 77 
1699	153 29 31 
1700	6 280 5 30 
1701	107 48 49 150 
1702	266 
1703	77 
1704	53 322 
1705	78 210 150 
1706	39 39 31 
1707	110 
1708	99 
1709	91 92 
1710	30 
1711	82 
1712	88 
1713	265 268 31 
1714	97 
1715	142 
1716	164 324 322 325 
1717	310 
1718	100 
1719	269 254 
1720	228 
1721	124 293 318 54 
1722	21 
1723	270 
1724	81 
1725	28 
1726	101 269 255 226 326 
1727	34 
1728	34 
1729	92 
1730	34 
1731	131 77 32 
1732	16 
1733	8 
1734	338 339 341 342 341 
1735	343 344 345 347 
1736	349 350 351 352 
1737	353 341 352 355 341 
1738	356 356 357 358 359 360 
1739	354 363 365 341 341 
1740	362 351 344 352 
1741	362 375 377 378 
1742	380 352 355 381 382 
1743	384 385 377 345 
1744	385 341 352 354 341 
1745	351 371 388 
1746	389 390 352 355 392 
1747	393 395 340 396 
1748	400 343 401 402 
1749	354 394 352 403 367 
1750	404 406 341 408 355 341 
1751	409 385 409 412 408 412 
1752	354 353 358 413 
1753	414 341 407 340 341 
1754	416 417 418 419 
1755	356 353 356 420 357 340 
1756	422 409 423 412 409 412 
1757	409 363 412 409 359 412 
1758	426 370 427 428 
1759	388 371 354 431 
1760	432 433 434 435 437 
1761	439 439 407 440 441 
1762	442 443 445 446 
1763	447 450 451 
1764	422 410 453 
1765	455 457 360 373 
1766	458 379 459 460 
1767	375 427 358 341 341 
1768	380 371 352 341 341 
1769	393 385 462 463 
1770	465 355 467 
1771	356 469 356 357 358 
1772	384 388 358 470 441 
1773	471 472 473 397 398 
1774	475 379 477 
1775	479 480 481 
1776	483 380 377 352 
1777	354 483 380 346 
1778	484 485 485 486 486 487 
1779	485 485 488 489 490 490 
1780	414 380 352 342 
1781	339 496 496 340 498 498 
1782	353 366 500 396 
1783	501 497 411 486 486 
1784	393 466 502 359 
1785	471 374 428 397 398 
1786	475 337 503 346 
1787	469 346 408 482 
1788	471 507 407 412 412 
1789	509 510 441 391 
1790	374 511 512 459 
1791	513 471 473 459 434 
1792	515 516 517 
1793	393 395 428 398 397 
1794	443 519 520 
1795	471 521 524 
1796	501 364 497 526 
1797	527 446 398 529 
1798	530 362 531 346 
1799	356 356 420 357 532 531 
1800	349 466 420 533 
1801	358 532 341 342 341 
1802	362 348 536 423 
1803	351 388 428 365 
1804	538 539 541 
1805	542 384 363 412 412 
1806	393 544 
1807	546 548 549 
1808	551 552 553 554 368 
1809	444 555 376 377 555 
1810	557 378 391 559 
1811	356 375 356 420 535 560 
1812	348 536 385 546 561 
1813	354 409 375 412 409 412 
1814	354 562 495 342 
1815	563 
1816	471 528 564 459 
1817	468 428 500 565 
1818	354 343 459 397 398 
1819	384 523 521 567 
1820	388 568 
1821	354 475 512 525 
1822	523 521 386 535 
1823	570 571 502 355 
1824	343 537 558 480 
1825	390 408 544 572 392 
1826	573 574 574 575 576 382 
1827	387 511 
1828	579 580 466 581 
1829	354 409 364 412 409 412 
1830	530 582 
1831	584 586 
1832	409 412 409 587 412 
1833	409 429 386 409 408 
1834	579 466 340 463 
1835	588 575 379 398 589 
1836	551 552 411 591 
1837	370 470 592 441 
1838	458 459 
1839	539 356 356 503 488 486 486 
1840	593 537 561 397 398 
1841	473 537 558 592 
1842	594 363 364 595 
1843	409 412 409 358 397 398 412 
1844	390 354 355 572 
1845	597 598 465 428 
1846	471 588 558 500 397 398 
1847	409 412 409 381 470 412 382 
1848	339 599 486 486 
1849	350 375 358 500 
1850	600 601 
1851	550 603 591 604 605 
1852	585 429 407 412 412 
1853	557 459 525 
1854	555 376 346 555 489 
1855	415 353 608 609 
1856	593 521 508 498 498 
1857	353 610 532 611 
1858	409 412 409 355 525 412 
1859	580 496 496 379 463 
1860	362 380 339 355 
1861	587 417 
1862	414 615 346 340 
1863	362 616 617 594 
1864	468 471 374 
1865	621 523 622 623 624 
1866	468 362 626 353 
1867	527 597 627 627 574 574 
1868	374 628 415 577 
1869	621 
1870	409 558 379 412 409 412 
1871	469 466 462 534 
1872	356 416 356 358 345 
1873	475 544 525 
1874	632 633 355 634 
1875	635 535 459 637 
1876	523 416 497 535 
1877	343 444 638 434 
1878	521 524 
1879	485 485 639 481 
1880	362 599 639 640 
1881	541 466 480 
1882	468 534 581 459 
1883	546 396 641 
1884	415 580 481 
1885	363 537 512 412 412 
1886	555 580 466 480 555 
1887	371 408 642 434 
1888	468 386 574 574 
1889	426 473 564 398 397 
1890	501 606 558 596 
1891	427 466 352 408 
1892	599 488 645 487 
1893	646 647 648 
1894	386 641 
1895	531 358 408 441 
1896	374 584 546 483 
1897	485 485 488 486 487 486 
1898	626 586 358 345 
1899	405 386 649 419 
1900	584 409 650 409 412 412 
1901	652 597 512 382 
1902	385 580 581 480 
1903	356 380 356 371 357 397 398 
1904	582 446 459 
1905	653 496 496 654 
1906	522 346 
1907	443 384 388 358 
1908	655 656 480 354 
1909	658 444 339 417 
1910	409 659 412 409 412 
1911	661 654 
1912	471 353 428 397 398 
1913	356 571 356 466 663 
1914	370 339 352 482 
1915	362 354 586 391 
1916	538 563 568 
1917	665 351 355 
1918	374 378 482 342 
1919	666 449 337 630 
1920	667 568 519 
1921	626 388 341 440 341 
1922	466 568 669 519 470 
1923	468 380 507 407 
1924	471 350 555 507 555 
1925	386 345 477 531 
1926	670 390 412 412 392 
1927	517 587 
1928	409 337 497 412 409 412 
1929	356 356 599 537 486 671 486 
1930	672 370 673 440 
1931	393 558 500 
1932	531 385 388 341 341 
1933	513 619 675 591 
1934	676 651 535 398 397 
1935	377 446 440 342 
1936	475 386 503 340 
1937	483 352 341 341 368 
1938	507 412 341 491 412 341 
1939	468 341 352 483 341 
1940	542 585 495 461 382 
1941	599 497 486 486 
1942	643 626 353 345 
1943	380 458 358 397 398 
1944	407 498 679 437 498 
1945	468 362 341 531 341 
1946	583 338 586 345 
1947	374 680 523 352 
1948	341 638 682 355 341 
1949	444 477 683 
1950	685 561 398 
1951	411 512 535 637 
1952	607 525 
1953	454 567 
1954	494 628 616 366 
1955	632 353 363 412 412 
1956	652 468 454 446 382 
1957	362 375 385 610 
1958	615 363 531 341 341 
1959	352 341 602 341 
1960	384 495 692 342 
1961	426 557 523 473 
1962	672 341 358 693 341 
1963	539 485 485 581 488 412 412 
1964	557 563 568 633 
1965	351 466 534 586 
1966	352 366 341 431 341 
1967	655 592 
1968	617 639 586 486 
1969	409 356 356 388 466 409 
1970	479 408 696 403 367 
1971	393 674 340 500 
1972	697 386 452 
1973	492 674 483 532 
1974	501 558 379 436 
1975	547 548 
1976	652 471 386 699 
1977	700 457 
1978	617 508 639 640 
1979	384 521 524 504 
1980	540 640 
1981	485 485 541 397 
1982	370 444 376 417 
1983	356 356 488 487 490 490 
1984	584 414 395 341 341 
1985	414 388 341 478 341 
1986	705 687 616 380 
1987	387 370 353 500 
1988	468 707 380 352 
1989	466 667 656 519 
1990	709 
1991	616 371 388 378 
1992	507 497 363 412 412 
1993	617 406 407 412 412 
1994	485 485 599 486 360 486 
1995	409 444 375 412 409 412 
1996	409 444 412 409 366 412 
1997	710 410 459 677 
1998	476 346 418 421 
1999	528 598 564 360 
2000	711 472 712 502 459 
2001	594 346 709 342 
2002	349 495 503 591 
2003	385 406 715 408 
2004	716 481 688 
2005	626 465 477 500 
2006	672 338 346 440 
2007	473 611 592 
2008	444 521 561 717 355 
2009	718 523 382 
2010	386 473 397 398 
2011	719 354 418 720 
2012	721 479 480 481 634 
2013	712 469 341 355 341 
2014	568 669 677 591 
2015	375 626 371 503 
2016	599 486 682 486 437 604 
2017	409 409 412 525 412 
2018	407 352 722 341 341 
2019	533 723 462 
2020	475 496 496 418 720 
2021	351 427 406 352 
2022	472 534 724 502 
2023	598 380 345 346 
2024	725 471 597 612 
2025	563 568 669 578 
2026	485 485 486 408 341 486 341 
2027	727 521 
2028	438 688 592 
2029	386 352 341 431 341 
2030	618 420 359 708 
2031	590 363 412 587 412 
2032	571 495 412 412 
2033	472 394 463 
2034	533 390 544 572 392 
2035	528 370 359 341 341 
2036	369 337 379 459 
2037	670 374 352 463 
2038	485 485 490 487 490 
2039	385 580 463 
2040	466 563 568 534 
2041	552 
2042	594 412 397 398 412 436 
2043	523 512 366 535 
2044	585 429 503 446 
2045	350 375 339 428 
2046	374 352 708 730 
2047	728 
2048	504 731 502 403 367 
2049	729 552 611 
2050	605 
2051	733 371 533 358 
2052	563 582 568 669 
2053	517 521 346 
2054	588 378 379 359 
2055	348 393 428 500 
2056	429 735 
2057	356 356 555 708 341 555 341 
2058	728 
2059	376 388 408 737 
2060	464 740 413 576 
2061	733 616 466 532 
2062	653 654 
2063	444 465 346 417 
2064	337 397 398 
2065	485 485 541 488 
2066	583 598 339 614 
2067	471 689 615 657 
2068	371 388 338 742 
2069	356 356 638 365 341 341 
2070	673 385 339 535 
2071	447 374 607 
2072	409 715 412 409 743 412 
2073	387 485 485 541 
2074	387 479 481 
2075	475 358 614 366 
2076	471 539 488 412 412 
2077	393 472 564 544 
2078	646 745 
2079	494 416 511 481 470 
2080	363 575 647 637 
2081	616 536 376 417 
2082	687 522 747 525 
2083	495 561 459 525 
2084	748 749 
2085	751 727 397 398 
2086	466 533 519 544 
2087	468 374 654 
2088	643 485 485 541 488 
2089	585 640 
2090	386 377 378 341 341 
2091	600 397 398 
2092	754 518 355 755 
2093	471 611 398 
2094	524 452 423 757 677 
2095	393 409 485 485 409 397 
2096	370 341 377 482 341 
2097	356 356 358 359 483 
2098	471 395 459 483 
2099	586 459 
2100	541 688 525 367 382 
2101	464 450 358 428 
2102	606 557 465 760 
2103	761 387 363 412 412 
2104	374 483 337 535 
2105	492 351 586 378 
2106	459 
2107	674 412 408 592 412 
2108	664 759 435 605 
2109	493 507 588 595 
2110	483 385 507 352 
2111	374 473 
2112	766 588 558 379 446 
2113	405 371 352 341 341 
2114	388 466 408 359 
2115	479 767 716 768 
2116	691 588 407 378 379 
2117	513 494 769 379 459 
2118	371 408 722 560 441 
2119	358 532 341 595 341 
2120	350 508 532 341 341 
2121	363 497 512 412 412 
2122	362 678 521 522 
2123	522 688 677 
2124	583 416 771 647 592 
2125	687 616 338 412 412 
2126	537 364 412 359 412 
2127	399 472 503 509 
2128	485 485 639 599 558 490 490 
2129	473 396 544 
2130	533 736 534 434 
2131	686 352 345 432 
2132	468 497 531 359 
2133	668 434 
2134	501 384 523 379 
2135	409 519 412 409 398 412 424 
2136	353 388 358 638 
2137	643 412 461 412 453 
2138	652 395 341 483 341 
2139	643 411 640 382 
2140	774 514 595 560 
2141	356 483 356 352 611 
2142	353 462 534 
2143	541 488 640 592 
2144	356 356 406 580 466 
2145	384 524 776 709 
2146	385 358 354 341 341 
2147	672 351 343 357 578 
2148	495 386 532 737 
2149	406 339 346 365 560 
2150	517 700 446 346 
2151	644 537 558 411 647 
2152	472 383 463 365 
2153	448 370 664 
2154	388 463 502 509 
2155	644 378 411 730 
2156	388 532 355 342 
2157	471 409 412 409 434 412 
2158	383 610 682 355 
2159	369 406 667 
2160	723 736 779 
2161	351 370 496 397 398 
2162	374 483 507 777 
2163	471 475 586 
2164	781 639 363 640 
2165	501 562 507 407 
2166	389 390 578 572 392 
2167	631 397 398 
2168	536 575 661 
2169	626 465 371 555 555 
2170	422 450 622 624 453 
2171	343 454 345 403 367 
2172	664 599 486 486 441 
2173	665 761 565 683 
2174	356 531 356 341 421 341 
2175	782 606 429 681 
2176	483 416 352 341 341 
2177	617 485 485 639 486 486 382 
2178	409 351 363 412 409 412 
2179	449 340 641 688 
2180	387 356 375 356 357 355 
2181	387 397 398 591 
2182	783 375 
2183	337 452 403 
2184	352 417 396 641 
2185	784 517 
2186	358 610 482 341 341 
2187	707 354 341 431 341 
2188	370 358 359 391 
2189	416 555 377 555 342 
2190	504 785 581 354 
2191	432 609 434 
2192	471 411 611 576 
2193	485 485 633 785 639 
2194	358 671 341 441 341 
2195	744 661 787 
2196	352 671 487 
2197	466 655 656 480 
2198	492 349 528 673 
2199	643 469 427 346 
2200	380 352 358 341 341 
2201	594 339 352 638 
2202	438 353 581 778 428 
2203	388 466 655 679 
2204	409 351 427 412 409 412 
2205	618 501 497 411 
2206	733 339 568 669 
2207	580 479 481 
2208	462 534 564 746 
2209	508 599 640 459 470 
2210	442 756 662 588 411 
2211	354 415 475 355 
2212	580 479 481 
2213	427 352 358 341 341 
2214	374 393 788 528 
2215	356 356 420 789 682 381 
2216	409 537 363 412 409 412 
2217	598 545 523 353 
2218	387 405 346 535 470 
2219	343 617 507 498 498 
2220	686 
2221	390 352 412 412 392 
2222	390 407 537 412 412 392 
2223	539 485 485 488 486 486 
2224	594 406 610 613 
2225	406 466 716 768 
2226	536 546 434 790 
2227	672 356 380 356 341 341 
2228	501 406 363 497 
2229	472 564 509 592 
2230	471 370 417 396 
2231	341 395 537 354 341 
2232	485 485 363 358 341 341 
2233	414 465 706 555 555 
2234	626 586 340 341 341 
2235	362 387 375 427 
2236	586 
2237	466 563 669 791 
2238	643 541 525 
2239	409 406 412 409 355 412 
2240	580 480 535 355 
2241	789 407 412 434 412 
2242	384 339 531 592 
2243	444 617 363 364 
2244	792 434 792 634 
2245	643 535 
2246	580 481 397 398 677 
2247	655 728 344 703 
2248	393 505 463 592 
2249	672 546 363 561 
2250	599 639 640 381 
2251	617 599 639 411 486 486 
2252	370 358 341 764 341 
2253	580 479 481 398 
2254	540 558 640 
2255	388 496 360 
2256	388 462 534 
2257	697 339 661 611 
2258	614 459 
2259	387 385 352 341 341 
2260	466 568 669 470 391 
2261	795 473 428 413 
2262	670 468 537 412 412 
2263	485 485 352 490 487 490 
2264	466 558 408 
2265	527 644 537 559 
2266	763 388 615 366 
2267	393 407 428 434 
2268	362 707 352 682 
2269	371 363 440 500 708 
2270	354 409 537 412 409 412 
2271	471 612 639 640 
2272	621 523 521 388 
2274	370 483 380 345 
2275	388 639 640 
2276	483 496 496 477 367 368 
2277	727 706 496 496 564 
2278	616 370 458 440 
2279	614 491 432 434 
2280	374 528 469 589 
2281	518 377 446 561 
2282	515 450 444 
2283	485 485 541 623 488 
2284	580 656 
2285	733 616 656 
2286	351 352 682 341 341 
2287	351 503 363 412 412 
2288	497 564 589 
2289	799 688 382 
2290	362 466 519 381 
2291	393 571 519 463 470 
2292	429 614 440 
2293	393 674 466 397 398 
2294	374 393 528 752 
2295	800 374 801 789 625 
2296	528 397 398 
2297	558 379 630 
2298	618 728 779 746 
2299	540 508 640 
2300	710 803 518 354 
2301	389 581 364 677 
2302	476 407 497 526 
2303	675 804 622 805 430 
2304	537 402 589 
2305	555 485 485 555 341 743 341 
2306	458 340 354 500 
2307	574 574 639 486 499 486 
2308	465 395 555 555 397 398 
2309	571 667 656 568 
2310	788 660 489 764 
2311	468 807 389 
2312	409 385 379 412 409 412 
2314	702 494 753 808 
2315	670 352 412 412 809 
2316	380 352 354 434 
2317	409 352 409 358 
2318	571 810 364 411 
2319	388 533 395 364 
2320	469 427 352 341 341 
2321	599 497 486 592 486 
2322	468 610 682 341 341 
2323	405 416 352 345 
2324	356 404 673 356 357 355 
2325	501 409 485 485 379 409 
2326	395 345 708 341 341 
2327	475 338 600 608 
2328	795 609 
2329	811 811 412 668 544 412 
2330	542 586 340 354 
2331	339 569 342 
2332	542 485 485 488 486 486 
2333	539 488 490 490 441 
2334	343 388 345 340 
2335	353 547 548 
2336	493 473 363 535 
2337	464 393 473 428 
2338	483 377 359 441 
2339	732 
2340	363 359 341 677 341 
2341	421 380 388 
2342	574 574 535 813 
2343	551 814 552 593 
2344	815 668 
2345	594 341 412 358 412 341 
2346	387 380 497 341 341 
2347	521 592 
2348	761 769 605 435 
2349	344 463 428 434 
2350	584 708 341 478 341 
2351	497 647 648 
2352	411 486 677 382 559 486 
2353	787 
2354	395 722 341 391 341 
2355	483 386 446 477 
2356	388 352 564 502 
2357	362 531 337 341 341 
2358	469 353 388 352 
2359	687 375 446 611 
2360	409 710 412 409 595 412 
2361	370 500 397 398 418 
2362	387 459 397 398 
2363	349 388 549 355 
2364	564 463 
2365	414 388 466 420 
2366	661 677 
2367	443 377 345 682 
2368	486 737 366 487 486 
2369	409 407 412 409 355 412 
2370	468 380 386 354 
2371	705 501 687 495 
2372	479 767 716 768 481 
2373	448 450 612 717 
2374	337 495 352 412 412 
2375	817 403 424 419 
2376	442 362 535 397 398 
2377	538 675 541 462 488 
2378	457 548 661 
2379	414 380 371 341 341 
2380	528 580 338 480 
2381	819 530 627 627 341 341 
2382	468 370 507 682 
2383	409 427 508 412 409 412 
2384	354 485 485 507 397 398 
2385	354 611 418 483 
2386	621 674 388 525 
2387	521 630 367 
2388	380 371 708 341 341 
2389	393 821 600 366 
2390	594 664 483 419 
2391	394 518 339 386 482 
2392	374 580 466 480 
2393	521 524 574 574 
2394	380 371 388 428 
2395	593 586 661 611 
2396	541 599 488 363 403 
2397	727 475 508 561 
2398	644 588 537 575 592 
2399	471 646 372 
2400	551 618 822 599 
2401	409 542 555 358 412 409 555 412 
2402	475 386 507 417 
2403	539 488 352 486 486 
2404	729 541 488 611 
2405	485 485 639 352 486 470 486 
2406	374 337 564 459 
2407	555 508 555 396 531 
2408	523 366 611 525 368 
2409	651 416 600 412 412 
2410	531 388 358 341 341 
2411	337 339 358 722 
2412	475 590 
2413	521 524 514 824 
2414	472 534 778 731 
2415	393 423 500 397 398 
2416	710 351 495 366 341 341 
2417	571 519 
2418	362 366 428 431 
2419	485 485 338 355 397 398 
2420	494 415 465 428 
2421	455 601 352 412 412 
2422	393 472 574 574 473 
2423	796 795 508 567 
2424	601 599 486 360 486 
2425	485 485 341 352 722 341 
2426	374 351 507 491 
2427	806 521 342 347 
2428	527 501 406 497 
2429	541 599 364 488 453 
2430	542 639 599 486 355 486 
2431	370 483 434 441 
2432	652 356 356 722 341 341 
2433	501 710 379 342 
2434	766 468 626 341 341 
2435	655 656 390 519 470 
2436	404 386 342 419 
2437	774 651 386 706 
2438	374 534 
2439	466 568 669 534 
2440	643 525 441 
2441	539 541 639 512 382 
2442	558 363 412 412 
2443	351 784 727 397 398 
2444	828 588 558 378 379 
2445	626 427 341 434 341 
2446	443 351 390 428 392 
2447	374 673 817 359 
2448	354 376 371 418 
2449	710 384 532 595 
2450	442 542 384 497 
2451	795 631 823 436 
2452	369 548 480 
2453	556 337 377 412 412 
2454	362 707 404 377 470 
2455	672 377 682 526 
2456	414 385 376 377 
2457	469 742 366 531 
2458	468 387 469 
2459	393 500 830 752 
2460	356 356 406 420 357 357 708 
2461	659 743 
2462	354 429 503 459 
2463	393 534 390 341 392 341 
2464	673 352 591 824 
2465	631 458 459 
2466	337 485 485 352 341 341 
2467	454 420 359 
2468	500 342 
2469	375 420 389 390 
2470	358 359 708 341 341 
2471	670 604 591 373 605 470 
2472	483 341 358 682 341 
2473	538 539 370 488 490 490 
2474	539 521 523 485 485 599 
2475	598 685 545 427 
2476	536 423 428 396 
2477	343 415 341 692 341 
2478	363 412 359 535 412 
2479	617 416 427 341 341 
2480	446 831 
2481	531 558 408 436 
2482	356 385 356 358 354 
2483	597 612 625 
2484	356 356 706 354 355 
2485	768 352 592 
2486	555 352 555 610 341 341 
2487	673 535 708 342 
2488	571 466 355 459 
2489	485 485 508 
2490	370 555 338 555 483 
2491	356 616 356 371 341 341 
2492	393 796 432 
2493	530 564 
2494	350 682 434 391 
2495	646 537 559 
2496	675 485 485 462 490 490 
2497	807 543 473 354 
2498	356 594 356 341 357 354 341 
2499	354 707 371 345 
2500	469 616 588 497 411 
2501	612 507 790 391 
2502	398 730 470 
2503	465 555 555 531 341 382 341 
2504	643 689 741 651 467 
2505	644 834 804 537 364 
2506	594 466 
2507	506 427 377 446 
2508	343 352 358 722 
2509	707 356 356 508 355 
2510	719 747 500 797 835 
2511	485 388 485 640 381 592 
2512	800 605 435 554 591 837 
2513	465 611 592 589 
2514	350 376 715 346 
2515	374 351 483 594 
2516	472 736 564 771 
2517	674 511 544 
2518	475 396 569 544 
2519	370 375 337 377 
2520	727 521 717 677 
2521	664 446 346 459 
2522	449 650 495 
2523	643 374 450 561 
2524	531 341 345 403 424 341 
2525	606 685 385 377 
2526	803 659 709 
2527	466 440 
2528	732 
2529	466 563 568 
2530	539 455 639 640 470 
2531	471 597 612 512 
2532	800 644 537 359 436 
2533	350 385 457 341 341 
2534	800 591 554 605 
2535	383 479 481 
2536	409 375 412 409 434 412 
2537	528 408 397 398 
2538	370 794 381 342 470 
2539	405 386 535 470 441 
2540	815 673 808 839 
2541	479 
2542	539 488 558 490 490 
2543	840 713 841 453 
2544	724 592 
2545	406 352 355 342 470 
2546	426 712 
2547	802 820 521 522 
2548	842 407 640 
2549	552 646 353 611 
2550	468 679 595 
2551	471 473 
2552	358 463 544 441 
2553	488 412 381 382 490 490 412 
2554	657 446 624 
2555	354 343 626 371 366 
2556	351 385 363 512 
2557	409 458 407 412 409 412 
2558	409 444 412 409 843 412 
2559	362 523 346 440 
2560	618 617 611 373 
2561	468 352 682 341 341 
2562	409 353 411 409 412 412 
2563	393 395 428 
2564	643 450 507 558 
2565	594 667 558 519 
2566	427 804 622 639 486 486 
2567	674 615 547 587 
2568	405 599 358 490 490 
2569	485 485 487 490 490 
2570	643 518 453 
2571	362 523 441 
2572	472 432 740 609 
2573	539 633 488 382 490 490 
2575	475 386 476 
2576	845 673 495 812 
2578	386 740 
2579	390 355 421 392 
2580	462 778 434 437 
2581	688 467 677 382 
2582	567 432 433 434 
2583	352 682 341 478 341 
2584	646 788 521 
2585	374 611 359 391 
2586	483 555 555 347 402 
2587	353 789 688 425 
2588	848 607 598 674 
2589	710 664 344 630 
2590	618 361 662 588 379 
2591	568 391 367 392 
2592	612 367 391 403 
2593	380 371 378 341 341 341 
2594	422 677 
2595	571 675 466 
2596	469 370 537 379 
2597	795 600 430 634 
2598	585 457 
2599	388 591 
2600	374 384 440 391 
2601	719 797 730 720 
2602	535 459 
2603	705 485 485 338 412 412 
2604	350 340 346 482 
2605	646 596 525 
2606	799 414 370 578 
2607	849 850 
2608	672 395 428 397 398 
2609	537 412 359 341 412 341 
2610	607 621 561 709 
2611	443 409 537 409 412 412 
2612	483 581 476 682 
2613	733 420 390 572 392 
2614	442 361 664 596 
2615	485 485 639 599 488 490 490 
2616	558 412 482 342 412 
2617	672 388 365 355 
2618	475 397 453 
2619	485 485 407 537 412 412 
2620	643 612 341 638 341 
2621	542 568 669 368 
2622	597 629 545 
2623	380 354 355 483 
2624	851 758 496 496 587 
2625	485 485 541 488 694 
2626	580 480 638 682 355 
2627	356 469 356 357 355 398 
2628	401 406 420 590 
2629	673 459 
2630	374 343 733 616 396 
2631	725 852 800 398 
2632	521 522 671 
2633	388 627 627 826 826 633 
2634	517 394 664 441 
2635	600 564 437 604 
2637	356 351 594 356 420 
2638	542 735 853 578 
2639	664 615 451 
2640	469 537 363 364 
2641	644 588 537 379 
2642	471 494 415 353 459 
2643	471 370 459 592 
2644	351 722 355 341 341 
2645	527 540 640 
2647	656 537 345 696 
2648	710 459 827 759 
2649	508 534 407 564 
2650	485 485 639 640 397 398 
2651	387 854 
2652	477 365 
2653	468 507 407 412 412 
2654	831 688 381 592 
2655	485 485 588 497 411 360 
2656	494 380 466 
2657	855 856 535 604 437 
2658	409 799 352 409 342 
2659	409 352 409 692 342 
2660	469 390 519 340 392 
2661	616 363 558 708 
2662	826 826 736 
2663	857 631 765 
2664	669 568 412 677 412 
2665	371 789 341 441 341 
2666	387 639 640 578 
2667	353 600 
2668	362 614 624 
2669	409 789 412 409 342 412 
2670	631 441 
2671	337 358 366 341 341 
2672	685 446 342 
2673	614 367 
2674	802 372 407 341 360 341 
2675	397 398 604 424 
2676	689 500 
2677	751 469 860 
2678	500 765 397 398 648 
2679	562 742 340 752 818 
2680	393 827 765 491 752 
2681	583 861 488 694 
2682	387 378 
2683	594 376 339 446 
2684	719 671 720 604 
2685	643 539 455 640 
2686	617 345 498 531 498 
2687	598 396 
2688	512 347 
2689	356 427 356 358 341 341 
2690	674 378 497 525 
2691	471 597 
2692	356 370 356 359 341 341 
2693	386 339 440 500 
2694	527 789 648 
2695	646 
2696	664 561 847 436 
2697	365 366 596 418 
2698	617 370 482 610 
2699	612 475 717 730 
2700	485 485 364 497 
2701	631 
2702	716 481 470 441 
2703	363 537 459 
2704	716 862 581 863 
2705	388 533 390 359 
2706	409 829 834 412 409 359 412 
2707	339 482 355 341 341 
2708	628 522 498 525 498 
2709	354 539 485 485 639 599 486 486 
2710	528 626 371 341 341 
2711	393 473 428 
2712	466 736 519 752 
2713	371 352 341 864 341 
2714	784 612 403 367 
2715	687 558 497 559 
2716	650 384 664 837 
2717	507 639 599 423 486 486 
2718	598 624 
2719	353 537 531 341 341 
2720	727 485 485 488 
2721	468 375 532 341 341 
2722	354 479 378 
2723	375 466 534 463 
2724	385 358 428 397 398 
2725	465 458 417 690 
2726	621 474 647 398 576 
2727	563 568 398 
2728	370 417 396 641 
2729	644 537 379 498 498 
2730	528 541 488 360 
2731	374 338 340 682 
2732	527 538 541 488 
2733	580 581 352 480 
2734	616 473 345 373 
2735	729 591 605 435 
2736	800 552 866 
2737	599 363 411 640 
2738	533 736 534 434 
2739	337 574 574 639 486 486 
2740	542 407 352 434 
2741	393 458 
2742	485 371 485 352 341 341 
2743	409 423 558 412 409 412 
2744	758 411 640 
2745	471 617 353 609 
2746	646 597 346 
2747	374 500 647 
2748	387 639 411 640 
2749	354 356 356 357 610 470 
2750	689 542 627 627 436 
2751	811 811 724 641 421 
2752	473 341 397 360 398 341 
2753	427 495 524 496 496 
2754	374 380 339 352 
2755	483 340 354 431 
2756	475 444 385 346 
2757	354 580 358 708 341 341 
2758	444 352 358 345 
2759	409 617 789 412 409 412 
2760	337 352 358 341 341 
2761	651 459 703 839 
2762	337 567 432 433 
2763	385 390 358 381 
2764	471 485 485 639 486 470 486 
2765	361 599 639 411 486 486 
2766	521 523 365 
2767	464 393 407 434 
2768	536 508 
2769	371 376 682 354 
2770	646 563 568 
2771	466 358 610 359 
2772	383 340 408 463 
2773	468 459 499 391 
2774	376 386 352 408 
2775	420 411 408 
2776	664 483 377 532 
2777	599 639 640 
2778	617 532 355 483 
2779	536 364 363 537 
2780	500 
2781	483 345 477 561 
2782	583 823 579 446 
2783	369 673 508 477 
2784	688 382 
2785	643 475 380 641 
2786	541 488 397 398 
2787	403 
2788	521 522 
2789	468 473 358 463 
2790	343 483 341 358 341 
2791	538 539 337 541 
2792	356 356 371 440 441 
2793	388 655 656 408 
2794	475 429 
2795	378 411 682 637 
2796	414 385 358 428 
2797	495 408 
2798	351 531 352 341 341 
2799	480 481 634 
2800	450 644 558 411 661 
2801	356 351 356 412 355 412 
2802	501 409 409 366 397 398 
2803	598 369 632 497 
2804	471 597 466 736 
2805	351 615 440 342 
2806	353 386 640 
2807	338 831 835 
2808	616 388 473 345 
2810	369 394 616 706 
2811	356 555 356 371 555 421 
2812	354 351 427 386 
2813	508 341 785 592 341 
2814	742 641 
2815	409 466 568 409 408 397 398 
2816	785 395 423 
2817	563 568 669 
2818	580 466 463 397 398 
2819	513 473 496 459 
2820	507 586 345 434 
2821	588 533 344 411 647 
2822	485 485 479 481 
2823	409 407 412 409 359 412 453 
2824	354 380 388 358 
2825	353 341 537 722 341 
2826	427 377 500 367 403 
2827	508 856 633 
2828	857 621 514 
2829	516 374 727 397 398 
2830	374 524 587 525 
2831	860 446 467 578 470 
2832	691 869 851 870 
2833	871 530 473 654 
2834	674 612 337 558 
2835	356 356 371 357 428 
2836	672 356 594 356 420 
2837	468 408 753 839 
2838	723 
2839	378 379 408 398 
2840	466 346 
2841	521 384 411 486 486 
2842	488 487 490 490 
2843	363 497 412 467 382 470 412 
2844	521 496 496 
2845	507 345 500 355 
2846	370 352 341 483 341 
2847	384 600 609 
2848	352 482 354 341 341 
2849	643 640 453 
2850	762 427 580 565 
2852	356 356 357 358 535 342 
2853	859 388 466 
2854	872 346 737 342 
2855	412 487 490 412 490 
2856	508 455 452 
2857	672 356 356 371 844 
2858	798 522 596 
2859	406 371 537 483 
2860	371 339 480 366 
2861	385 388 466 519 
2862	557 700 858 
2863	533 534 390 340 392 
2864	350 352 340 341 341 
2865	593 
2866	409 353 412 409 771 412 
2867	643 411 576 437 
2868	385 420 390 345 392 
2869	447 346 
2870	571 466 344 463 
2871	415 518 358 381 382 
2872	540 541 488 403 
2873	471 397 398 
2874	464 765 873 
2875	574 574 639 411 486 486 
2876	540 575 411 640 
2877	588 423 497 379 341 341 
2878	727 394 839 
2879	673 668 839 
2880	517 446 
2881	736 381 688 589 
2882	350 420 482 605 435 
2883	698 469 747 720 
2884	409 409 412 500 544 412 
2885	406 341 408 366 341 
2886	733 517 394 677 
2887	374 789 340 381 578 
2888	350 427 341 537 341 
2889	707 364 341 341 391 
2890	686 512 459 
2891	643 741 521 630 
2892	485 485 541 488 360 
2893	354 370 444 380 382 
2894	356 483 380 356 357 352 
2895	450 651 507 386 
2896	497 558 345 874 382 
2897	354 532 355 341 341 
2898	409 351 485 485 412 409 412 
2899	393 346 747 720 
2900	736 765 569 875 
2901	784 731 437 604 
2902	356 427 356 638 354 
2903	388 466 346 463 
2904	769 486 525 487 486 
2905	691 869 501 352 470 
2906	503 599 423 486 470 486 
2907	356 356 357 365 722 
2908	575 411 640 
2909	799 371 610 341 341 
2910	508 496 496 827 432 
2911	751 475 582 445 
2912	697 521 630 824 
2913	783 374 564 500 
2914	674 481 470 
2915	356 380 356 420 357 366 
2916	443 482 355 341 341 
2917	471 339 496 835 
