Course	Room	Teacher	Time	Students
1	25	498	0	2 15 25 26 30 37
2	5	68	0	9 10 11 13 21
3	62	61	0	6 8 12 17 22 34 45
4	200	207	0	29 31 35 38 40 46 50
5	200	298	3	3 9 10 18 19 21 41 46 47
6	135	408	0	3 16 18 23 32 39 42 43 47 48 49
7	183	344	0	5 7 27 28 44
8	188	316	4	7 12 17 22 26 40 43
9	45	110	5	1 4 5 6 9 11 13 15 20 21 24 28 29 34 38 39 48
10	188	337	2	40
11	188	264	0	1 4 14 19 33 36 41
12	84	231	5	14 19 25 27 31 32 33 37 42 50
13	188	284	7	2 8 10 12 16 26 30 41 46 49
14	108	127	2	1 14 20 23 24 29 32 33 35 36 42 49
15	62	492	4	
16	183	309	4	
17	143	82	0	
18	25	482	4	
19	58	89	0	
20	143	289	3	
21	5	464	3	
22	108	413	0	
23	14	69	0	
24	200	452	5	
25	143	28	5	
26	183	233	6	
27	58	401	2	
28	149	25	0	
29	84	458	0	
30	162	242	0	
31	58	347	4	
32	5	321	6	
33	88	356	0	
34	5	339	8	
35	45	194	0	
36	219	327	0	
37	228	180	0	
38	162	422	2	
39	70	304	0	
40	5	144	11	
41	40	348	0	
42	125	59	0	
43	70	84	4	
44	5	120	14	
45	60	354	0	
46	5	488	16	
47	219	238	3	
48	113	265	0	
49	88	494	2	
50	223	306	0	
51	219	113	6	
52	58	301	8	
53	218	434	0	
54	14	228	2	
55	186	435	0	
56	238	274	0	
57	11	406	0	
58	21	279	0	
59	132	42	2	
60	40	124	3	
61	60	3	4	
62	149	179	3	
63	96	325	0	
64	149	270	5	
65	172	483	0	
66	186	277	2	
67	11	263	2	
68	11	2	5	
69	21	23	2	
70	11	416	8	
71	113	226	2	
72	164	259	0	
73	29	219	0	
74	139	453	0	
75	153	257	0	
76	110	191	0	
77	186	185	5	
78	50	471	0	
79	29	269	4	
80	39	425	0	
81	11	87	11	
82	153	17	4	
83	110	193	2	
84	65	43	0	
85	104	221	0	
86	190	353	0	
87	11	81	14	
88	153	132	8	
89	50	19	3	
90	1	217	0	
91	151	490	0	
92	172	370	2	
93	50	271	6	
94	39	249	2	
95	9	469	0	
96	12	311	0	
97	104	227	4	
98	181	443	0	
99	238	440	3	
100	218	479	4	
101	115	103	0	
102	218	365	7	
103	115	101	3	
104	245	427	0	
105	181	215	3	
106	50	305	10	
107	126	340	0	
108	175	473	0	
109	9	467	4	
110	43	9	0	
111	190	287	2	
112	12	135	4	
113	208	51	0	
114	9	240	7	
115	208	119	2	
116	65	197	4	
117	164	141	2	
118	127	472	0	
119	208	115	6	
120	9	44	10	
121	79	400	0	
122	190	430	5	
123	245	204	2	
124	43	60	5	
125	185	176	0	
126	9	131	12	
127	101	14	0	
128	20	187	0	
129	79	497	3	
130	151	474	2	
131	9	126	14	
132	151	88	4	
133	101	378	2	
134	7	247	0	
135	20	112	7	
136	111	384	0	
137	213	262	0	
138	250	182	0	
139	7	252	3	
140	213	385	3	
141	154	117	5	
142	96	302	2	
143	213	461	6	
144	7	40	6	
145	215	281	0	
146	250	213	3	
147	7	250	10	
148	111	245	2	
149	134	390	0	
150	185	394	2	
151	56	445	0	
152	246	254	0	
153	133	273	0	
154	7	318	13	
155	23	174	0	
156	68	220	0	
157	225	399	0	
158	142	468	0	
159	226	346	0	
160	185	166	4	
161	93	433	0	
162	142	292	4	
163	34	424	0	
164	93	288	3	
165	114	429	0	
166	193	160	0	
167	229	405	0	
168	7	308	15	
169	6	195	0	
170	215	261	3	
171	215	342	7	
172	23	230	2	
173	34	272	2	
174	13	155	2	
175	142	216	8	
176	193	125	4	
177	246	333	3	
178	56	312	3	
179	141	62	0	
180	221	37	2	
181	224	489	0	
182	249	138	3	
183	56	283	6	
184	193	411	7	
185	197	77	0	
186	68	446	2	
187	13	128	4	
188	56	368	9	
189	128	484	0	
190	6	209	2	
191	114	76	2	
192	15	253	0	
193	103	83	5	
194	44	35	4	
195	6	169	5	
196	141	260	2	
197	74	116	0	
198	175	410	2	
199	171	412	0	
200	103	329	0	
201	197	381	4	
202	44	420	0	
203	141	456	4	
204	249	123	6	
205	6	223	7	
206	47	208	0	
207	209	4	2	
208	47	206	2	
209	6	190	11	
210	74	310	2	
211	67	470	0	
212	52	442	0	
213	234	146	0	
214	234	266	2	
215	171	105	6	
216	145	175	0	
217	6	90	13	
218	122	454	0	
219	38	73	4	
220	67	156	4	
221	117	85	4	
222	209	377	4	
223	8	205	0	
224	209	280	7	
225	52	417	2	
226	117	71	7	
227	109	97	0	
228	15	54	5	
229	241	457	0	
230	18	172	0	
231	86	12	0	
232	169	294	0	
233	197	26	8	
234	154	491	0	
235	52	373	4	
236	202	360	0	
237	241	341	2	
238	202	47	6	
239	63	251	0	
240	8	114	3	
241	202	359	4	
242	156	30	2	
243	86	379	2	
244	52	397	8	
245	109	148	6	
246	8	439	7	
247	8	134	9	
248	189	414	0	
249	38	94	7	
250	8	147	13	
251	63	239	4	
252	8	139	16	
253	18	192	2	
254	240	152	3	
255	206	444	0	
256	42	393	0	
257	145	75	4	
258	189	372	3	
259	156	72	4	
260	145	196	8	
261	206	170	7	
262	206	137	3	
263	4	67	0	
264	189	11	5	
265	100	48	2	
266	240	214	0	
267	4	300	2	
268	49	282	0	
269	42	79	7	
270	144	64	0	
271	49	93	3	
272	28	173	5	
273	124	153	4	
274	244	56	3	
275	222	450	0	
276	192	290	0	
277	192	66	5	
278	211	336	0	
279	19	58	2	
280	211	224	3	
281	211	145	6	
282	49	268	6	
283	49	183	9	
284	192	13	2	
285	191	415	0	
286	137	451	0	
287	191	111	5	
288	92	164	0	
289	144	20	5	
290	191	276	3	
291	77	358	0	
292	144	162	8	
293	187	349	0	
294	169	232	3	
295	4	299	6	
296	19	367	4	
297	4	396	9	
298	216	5	0	
299	4	295	11	
300	4	267	13	
301	53	52	0	
302	92	142	5	
303	87	362	0	
304	82	39	4	
305	53	106	2	
306	220	50	3	
307	159	363	0	
308	1	168	3	
309	187	16	6	
310	81	210	6	
311	22	96	4	
312	53	178	6	
313	87	465	3	
314	159	403	4	
315	244	387	0	
316	187	8	8	
317	1	499	7	
318	1	154	9	
319	71	371	0	
320	76	485	0	
321	1	32	11	
322	1	449	14	
323	1	476	17	
324	147	386	0	
325	98	63	2	
326	216	328	2	
327	216	36	6	
328	217	326	0	
329	100	200	5	
330	32	438	0	
331	37	391	0	
332	198	466	0	
333	247	177	0	
334	106	480	0	
335	217	475	2	
336	217	278	5	
337	198	10	4	
338	59	463	0	
339	2	34	0	
340	123	107	4	
341	243	237	0	
342	204	171	0	
343	59	407	3	
344	198	7	6	
345	2	495	4	
346	233	159	4	
347	59	31	8	
348	33	41	3	
349	196	293	3	
350	147	496	2	
351	147	428	4	
352	152	493	0	
353	196	86	5	
354	73	45	2	
355	204	487	3	
356	89	33	2	
357	152	448	4	
358	64	291	3	
359	204	241	6	
360	210	236	4	
361	170	447	0	
362	85	303	3	
363	161	307	4	
364	54	383	0	
365	210	102	0	
366	196	426	0	
367	22	296	0	
368	54	188	3	
369	210	478	7	
370	170	92	6	
371	66	319	3	
372	195	258	0	
373	54	235	8	
374	152	441	6	
375	30	402	0	
376	2	395	6	
377	205	222	0	
378	107	133	0	
379	99	243	0	
380	165	419	0	
381	195	201	7	
382	158	459	0	
383	51	364	3	
384	116	136	2	
385	205	140	6	
386	150	324	2	
387	248	315	2	
388	205	421	2	
389	203	418	0	
390	121	149	3	
391	27	331	2	
392	177	500	0	
393	41	256	3	
394	195	150	4	
395	2	376	8	
396	2	297	11	
397	51	244	0	
398	24	460	0	
399	230	157	2	
400	69	121	3	
401	51	27	6	
402	31	375	2	
403	157	314	0	
404	176	432	0	
405	227	167	3	
406	2	57	14	
407	55	343	0	
408	130	6	2	
409	91	436	0	
410	178	198	5	
411	184	184	0	
412	179	199	2	
413	105	22	2	
414	184	248	3	
415	184	285	5	
416	3	70	0	
417	55	225	4	
418	203	389	2	
419	173	380	2	
420	48	202	3	
421	203	388	5	
422	160	38	4	
423	3	462	2	
424	35	163	2	
425	46	80	2	
426	199	366	2	
427	242	104	2	
428	150	351	8	
429	112	165	2	
430	199	122	9	
431	214	481	0	
432	167	404	3	
433	97	161	3	
434	214	53	4	
435	199	55	4	
436	83	409	2	
437	194	486	0	
438	36	330	4	
439	3	246	4	
440	237	99	0	
441	150	374	12	
442	55	212	7	
443	174	98	3	
444	214	255	7	
445	57	151	3	
446	61	186	6	
447	182	361	3	
448	146	357	0	
449	3	322	7	
450	231	275	2	
451	118	286	3	
452	201	24	0	
453	138	74	2	
454	129	218	3	
455	239	477	0	
456	146	203	7	
457	235	229	2	
458	90	29	3	
459	155	382	3	
460	16	398	3	
461	201	143	10	
462	3	423	10	
463	57	338	6	
464	3	21	12	
465	94	313	6	
466	194	332	4	
467	10	109	0	
468	146	158	4	
469	10	95	4	
470	80	211	4	
471	57	78	9	
472	131	118	3	
473	168	108	2	
474	140	130	0	
475	201	335	5	
476	10	323	7	
477	236	455	2	
478	207	369	0	
479	207	100	7	
480	102	334	4	
481	212	431	2	
482	17	18	0	
483	180	65	2	
484	119	189	3	
485	72	320	3	
486	194	437	7	
487	212	355	6	
488	10	46	9	
489	232	181	3	
490	140	91	2	
491	163	234	3	
492	75	15	0	
493	148	352	4	
494	95	49	0	
495	10	345	12	
496	148	350	0	
497	78	129	7	
498	26	1	4	
499	10	317	15	
500	166	392	4	
