Course	Room	Teacher	Time	Days	Students
2	21	2	(4, 7)	M	2 350 586 587
3	3	3	(15, 16)	MWF	3 114 292 424 457 548 580 605 642 772 824 835 842
5	12	5	(15, 17)	MWF	61 225 516 578 583 597 688 700 712 717 736 743 799 870 1009
7	67	6	(0, 3)	M	5 70 78 80 83 115 144 182 183 192 197 204 205 235 244 252 273 289 367 594
8	33	7	(8, 10)	MWF	5 220 471 474 533 593 804
9	28	8	(12, 13)	MWF	5 353 360 427 451 478 500 507 579 610 614 664 691 696 702 703 712 756 804 848
10	34	9	(17, 19)	MWF	5 32 625 1056
11	48	10	(5, 7)	TTHF	6 668 825 863 964 967 1003 1116
12	112	NA	(8, 10)	TTH	6 37 89 277 383 424 445
13	112	11	(10, 12)	MWF	6 39 89 139 195 229 314
14	41	12	(0, 3)	M	7 12 89 104 136
15	12	13	(11, 16)	TH	8 14 15 46 83 92 185 237 267 290 324 475
16	45	14	(0, 3)	T	9 73 156 356 362
17	12	15	(4, 7)	TH	9 148 167 184 196 235 270 345 412
18	15	16	(0, 1)	MWF	9 20 26 79 90 124 140 146 200 226 234 343 506 508 510 525 533 567 640 701 718 740 748 756 762 764 780 791 793 807 811 812 821 862 873 875 876 880 881 882 889 903 915 916 917 919 923 925 926 927 931 932 935 938 944 956 961 965 967 968 970 972 975 976 977 980 982 987 991 993 1000 1001 1010 1011 1012 1018 1020 1022 1034 1036 1038 1042 1043 1046 1047 1053 1062 1069 1072 1073 1076 1077 1082 1088 1090 1091 1092 1095 1096 1097 1101 1102 1103 1104
19	67	17	(7, 12)	M	10 19 26 133 234 271 301 701 760 794 869 1045 1053 1071
20	44	18	(0, 2)	TTHF	10 77 328 385 517 540 555 774
21	33	19	(11, 14)	M	16 18 30 53 76 123 200 203 261 264 265 268 287 300
22	22	20	(16, 18)	TTH	11 35 156 222 280 295 297 409 648 744 769 872 957 1109
23	22	21	(13, 15)	MWF	11 38 58 68 78 117 136 143 171 189 196 197 212 213 219 222 227 234 254 260 284 294 301 318 344 357
24	5	22	(0, 3)	T	11 60 127 212 350 372 405 451 614 778
25	96	14	(4, 6)	TTHF	11 568
26	118	12	(4, 7)	M	12 180 313 347
27	53	23	(8, 10)	MWF	12 53 141 290 383 493 703 716 845 959
28	40	24	(9, 14)	MW	13 101 114 166 174 201 282 286
29	67	18	(7, 9)	TTHF	13 435 525 555 674 718 785 864 1062
31	48	26	(11, 16)	TH	16 38 71 351 357 463 704 885
32	41	27	(7, 10)	M	16 30 200 203 283
33	112	28	(8, 9)	MWF	32 77 284 424 444 487 524
34	34	29	(0, 1)	TH	54 107 135 178 183 220 396 419 457 512 550 561 567 617 627 644
35	31	30	(16, 17)	MW	17 161 405 609
36	31	31	(10, 13)	M	17 81 147 561 675
37	18	32	(5, 7)	MWF	18 57 88 171 216 315 321 335 357 418 460 464 466 471 714 715 726 738 773 781 782 783 835 872 890 894 912 934 943 1025 1034 1075 1086
38	33	33	(0, 3)	M	18 105 283 300 319 517 588
39	21	14	(14, 16)	MWF	19 451
41	28	35	(14, 16)	MWF	56 97 133 140 283 305 328 335 363 380 399 439 502 514 517 520 540 610 619 657 676 708 714 895 1107
42	40	36	(5, 10)	TTH	20 27 137 262 393 544 763
44	15	24	(7, 8)	MWF	21 94 112 146 152 237 349 356 384 398 505 510 530 562 568 570 576 577 600 604 617 621 630 633 652 663 666 670 680 681 684 693 694 699 711 721 724 729 742 752 757 775 790 797 806 816 836 837 843 862 888 920 921 956 962 987 1017 1022 1050 1072 1079 1092 1105 1114
45	18	38	(0, 1)	M	21 27 137 236 310 400 471 488 509 528 557 577 604 608 617 621 635 636 645 650 652 653 663 665 670 672 681 684 698 699 724 729 752 757 760 796 805 806 816 822 853 867 869 1107 1114
46	55	39	(7, 9)	MWF	27 239 259 262 264 312 367 375 389 401 403 428 432 433 452 455 495 519 544 554 611 665 737 868
47	12	40	(0, 3)	W	22 93 265 387 511
48	48	41	(12, 17)	M	23 67 93 121 296 466 527 534 537 543 643 720 744
49	3	42	(0, 3)	T	23 32 34 90 106 109 225 226 241 250 370
50	22	43	(5, 6)	MWF	24 48 108 287 353 459 549 569 676 723 733 772 791 828 833 897 901 918 921 923 970 973 998 1022 1047 1063
51	4	44	(0, 3)	M	24 29 30 53 56 76 123 255 257 261 287 326
52	112	NA	(16, 18)	MWF	25 88 102 134 249 309 314
53	112	45	(13, 15)	MWF	25 102 178 209 242 314 320
54	122	37	(0, 1)	TTHF	25 102 112 314 416
55	3	46	(13, 14)	MWF	26 28 73 276 388 555 591
56	28	47	(2, 4)	MWF	28 45 48 54 84 119 158 167 196 266 271 276 299 301 330 334 361 397 435 454 465 471 507 560 592
57	36	48	(10, 11)	MWF	28 239 242 329 449
58	6	30	(6, 9)	M	29 40 157 247 248 340 378 379 440 468 535 612 620
59	5	30	(10, 13)	M	29 52 59 116 180 238 246 277 313 340
60	34	49	(2, 5)	TH	30 74 91 119 302 367 435 513 595
61	99	50	(6, 11)	T	31 39 112
62	48	51	(8, 13)	T	32 49 139 143 168 324 490 520 602 807 865 1110
63	55	52	(4, 6)	MWF	33 124 176 194 253 275 288 316 327 352 386 473
64	11	53	(6, 9)	M	34 65 130 250 332 370 537 543 584 589 644 813
65	31	54	(0, 5)	TTH	42 141 588 734
66	40	55	(0, 2)	MWF	35 131 153 162 172 184 329
67	23	56	(11, 13)	MWF	35 100 162 172 184 199 253 285 333 349
68	107	47	(0, 1)	M	36 64 230 271 330
69	45	57	(4, 6)	TTHF	36 71 79 177 185 281 347 475 1024
70	22	58	(2, 4)	TTH	46 92 143 187 232 425 463 497 765
71	28	59	(5, 7)	MWF	37 211 231 236 302 308 318 407 412 445 524 538 558 567 629 639 707 735 749 771 787 798 803 808 815 818 819 851 883 891 903 909 914 931 993 1019 1028 1038 1049 1057 1064 1084 1088 1089 1096
72	122	60	(4, 9)	T	155 161 229 458 601
73	22	61	(2, 4)	MWF	38 113 219 222 234 383 413 833
74	8	62	(0, 2)	MWF	40 120 269 515
75	2	63	(5, 7)	MWF	183 995
76	48	64	(0, 2)	TTH	41 158 298 420 546 582
80	39	65	(6, 7)	MWF	44 115 150 190 249
81	5	66	(14, 17)	M	42 188 248 304 440 535 612 620
82	56	67	(6, 8)	MWF	42 64 86 87 122 138
83	12	43	(7, 8)	MWF	43 382 609 618 635 636 682 770 780 831 941 946 990 1010 1087
84	18	68	(2, 3)	MWF	43 106 112 122 145 152 157 189 198 211 230 231 280 282 293 327 336 374 379 390 400 423 426 441 460 474 476 491 492 546 561 565 572 593 653 668 719 783
85	30	69	(3, 4)	MWF	87 117 138 161 193 202 239 291 306 455 542 601 649
86	96	70	(14, 17)	M	44 420
87	105	70	(6, 9)	M	
88	22	71	(5, 7)	TTH	46 58 187 201 202 220 238 285 351 358 361 425 438 490 496 590 658 679 720 809 811 898 922 943 951
89	12	72	(11, 12)	MWF	46 164 283 371 476 542 679 784 1007
90	46	73	(0, 5)	M	47
92	25	74	(4, 5)	MWF	50 348 417 431 441 486 516 599 606 623 839 896 898 905 942 974 1011 1016 1033 1066 1102
93	67	75	(16, 17)	MWF	50 301 445 499 500 581 618 624 626 628 646 690 707 728 768 803 820 840 852 860 888 974 975 983 1000 1035 1078 1117
94	25	76	(6, 7)	MWF	51 103 162 199 245 559 580 583 619 657 660 675 678 685 731 768 784 821 826 840 850 865 945 989 1005 1015 1032 1048 1085 1107 1108
95	117	77	(7, 8)	MWF	52 286 393 541
96	34	78	(6, 7)	TH	52 236 400 483 606 706 761 762 782 815 835 858 882 889 904 914
97	107	12	(8, 11)	MW	163 395 420 499 687 811
98	26	79	(7, 8)	MWF	54 198 202 293 368 462 532 560 638 823 841 844
99	23	68	(0, 1)	MWF	54 138 198 239 293 298 306 352 361 368 379 466 473 601
100	41	81	(0, 5)	T	55 489 566 796
101	4	82	(13, 15)	MWF	55 146 218 402 415 422 594 684
102	18	83	(8, 9)	MWF	55 60 82 108 120 268 279 311 328 359 411 522 586 587 588 632 677 717 728 748 786 787 791 801 834 840 878 947 1015 1035 1048 1060
103	4	33	(4, 6)	MWF	127 426 463 500 517 820 887 984 1030 1042 1069
104	67	84	(4, 6)	MWF	61 92 123 173 203 205 252 255 256 286 328 369 419 427 564 571 605 868 1060
106	15	86	(2, 3)	MWF	62 74 100 114 137 295 341 354 509 532 577 582 596 597 604 608 609 617 630 634 636 639 646 650 658 659 660 661 665 667 670 676 681 691 693 696 698 702 712 729 735 746 755 786 796 799 801 819 823 834 841 842 844 852 857 863 867 883 891 907 928 939 959 971 990 1007 1083
107	35	87	(12, 13)	MWF	62 434 509 658 659 735 746 852
108	34	88	(0, 5)	T	63 80 148 153 219 331 337 545 682
109	122	89	(13, 15)	MW	63 139 408 452 494
110	122	90	(0, 5)	M	63 82 110 149 159
112	45	92	(7, 9)	TTHF	65 317
113	11	93	(10, 13)	M	65 365 470
114	107	19	(2, 3)	MWF	65 380 411 421 437 578 708 1100
115	34	94	(0, 2)	MWF	66 164 209 246 258 347 467 494 623 673 761 770 955 997
116	12	95	(3, 8)	T	66 129 179 258 290 407
117	23	96	(5, 10)	MTTHF	68 608 610 650 712 754 939 968 983 1041 1103
118	53	5	(0, 2)	MWF	69 206
119	34	88	(6, 11)	T	69 106 122 170 414 497 623
120	44	81	(4, 7)	M	70 192 204
121	46	82	(9, 10)	MWF	70
122	12	97	(17, 19)	TTH	71 168 358 377
123	28	98	(0, 1)	MWF	72 92 173 213 371 438 448 505 521 547 549 564 566 574 576 585 609 638 647 654 655 659 669 677 680 683 689 721 745 751 754 782 800 838 846 849 856 857 860 893 902 907 911 936 940 949 952 989 998 1004 1005 1013 1017 1029 1067 1070 1078 1080 1081 1087 1089 1098 1113 1117
124	56	99	(0, 5)	M	165 342
125	120	73	(11, 16)	M	72 165 244
126	12	95	(0, 2)	TTHF	177 279 324 353 377 384 449 469 516 559 602 613 628 651 657 731 818 847 874
128	28	101	(8, 11)	MW	78 80 83 144 182 183 192 197 204 205 235 256 273 289 358 369 415 594 654
129	30	82	(0, 2)	MWF	154 259 292 376 398 409 428 450 455 519 541 554 558 598 611 795
130	48	102	(12, 17)	W	83 281 386 416 649 651 726 874
131	2	93	(2, 4)	MWF	359 503 550 633 685 694 725 757 810
132	48	103	(14, 17)	T	85 238 259 287 290 323 519 546 554 589
135	120	106	(0, 1)	M	88 253 303 434 552 649
136	44	107	(0, 3)	M	91 126 179 240 302 389 499 536
137	122	45	(6, 11)	M	93 110 217 254
138	8	41	(0, 5)	T	94 543 611 612
139	3	63	(17, 18)	TTHF	94 101 198 224 322 440 619 643 689 691 741 813 900 1058
140	25	73	(8, 10)	MWF	95 113 154 179 376 430 438 477 488 671 709 812 849 870 1109
141	13	71	(0, 2)	MW	95
142	22	72	(7, 8)	MWF	124 355 365 507 529 622 637 688 759 805 814 853 884 910 919 935 937 1033 1054
143	15	108	(5, 6)	MWF	96 423 510 512 529 550 633 671 691 694 737 751 762 775 799 800 814 824 838 852 856 873 880 899 913 928 930 932 933 948 969 982 986 996 999 1006 1013 1020 1027 1029 1036 1039 1055 1070 1097 1101
144	22	110	(18, 19)	MWF	97 672 727 906 924 934 942 952 953 992 1025
145	59	99	(6, 9)	M	98 165 310 342 556
147	4	7	(16, 18)	MWF	99 160 164 206 295 316 354 385 414 572 579
149	96	107	(4, 9)	M	104 536 955
150	3	97	(17, 19)	MW	106 145 241 321 368 413 418 472 485
151	3	111	(5, 7)	MW	107 339 406 457 483 574 700 766 859 861 875 876 881 908 915 917 924 940 953 960 963 978 991 992 1002 1065 1093 1095
152	3	60	(8, 10)	MWF	107 364 410 419 478 503 539 580 581 582 596 597 607 615 616 624 628 640 660 667 676 692 695 696 700 702 704 705
153	33	113	(2, 4)	TTHF	111 433 488 647 700 860
154	53	85	(6, 7)	MWF	111
155	22	114	(16, 17)	MWF	111 147 208 545 557 778 792 861 881 905 984 991
156	33	115	(6, 11)	T	113 197 232 240 243 467 513
157	26	77	(5, 6)	MWF	114 148 166 174 201 208 221 260 292 367 402 409 422 453 504
158	53	1	(14, 15)	MWF	118 129 246 291
159	53	5	(3, 5)	MWF	
160	26	116	(0, 1)	MWF	121 169 189 309 337 396 403 432 436 443 491 571 667 866
161	10	117	(4, 5)	MWF	121 131 154 169 189 309 329 333 337 349 396 403 432 436 443 450 491
162	3	119	(5, 7)	TTHF	125 470 472 485 589 672
163	6	113	(16, 18)	MWF	125 175 212 233 640 645 742 882 988
164	3	53	(11, 12)	MWF	128 145 175 477 698 823 918 976 1056 1101
165	22	115	(11, 12)	MWF	130 146 227 370 640 642 686 694 699 715 824 909 911 932 947 1016 1017 1021 1062 1064 1079 1083 1113
166	8	51	(6, 8)	MWF	132 337 425 446 646 706 745 761
167	3	120	(0, 1)	MWF	132 478 595 648 664 696 732 739 837 899 900 957 984 1019 1031
168	33	121	(15, 17)	MWF	149 190 324 384 387 459 464 522 539 541 551 570 632 695
169	11	122	(17, 19)	MWF	139 373 759 824 842
170	45	49	(10, 15)	TH	382 493 506 525 528 538 602 632 646 756 779 787 845
171	31	123	(6, 9)	M	140 265 431 1099
172	43	124	(0, 1)	M	142 155 210 278 291 344 390
173	53	125	(0, 5)	T	
175	39	126	(8, 11)	M	151 190 249 434 958 1044
176	53	15	(11, 13)	MWF	152 251 255 319 558
177	117	128	(2, 4)	MWF	155 210 278 429 448
179	4	70	(0, 2)	TTHF	163 308 375 401 551 695 697 1056 1065
180	59	130	(2, 3)	MWF	168 218 486 548 553
181	5	123	(0, 2)	MW	338 431 497 570 710 830 1054 1055
182	21	22	(17, 19)	MWF	179 407 430 565 701 886
183	6	30	(0, 1)	MW	181 220 247 248 336 350 369 378 388 415 456 498 507 531 551 620 631 641 743 755 868 929
184	4	84	(7, 12)	M	185 207 417 571 585 591 598 625 751
185	13	49	(3, 8)	M	186
186	13	58	(9, 11)	MW	186 446
188	26	131	(3, 4)	MWF	199 208 259 262 312 393 398 422 428 453 504 519 544 554 611
189	12	112	(18, 19)	MWF	412 444 475 558 698 725
190	22	132	(9, 10)	TTHF	206 308 481 678 826 839 931 960 967 978 980 999 1038 1105
191	118	30	(18, 19)	MWF	207
192	20	32	(8, 10)	MWF	211 377 381 634 661
193	21	34	(0, 3)	M	212 229 458 832
194	2	133	(8, 11)	M	216 325
195	118	125	(12, 17)	M	216
196	59	74	(0, 1)	MWF	218 486 548 553
198	13	5	(7, 9)	TTHF	223
199	2	115	(10, 15)	TH	223 332 402 421
200	2	110	(12, 13)	MWF	226 272 485
201	22	135	(0, 1)	TTHF	227 267 439 487 678 730 744 864 895 906 945 947 948 966
202	48	41	(0, 5)	MW	228 294 296 322 405 447 730 1014 1106
203	48	41	(6, 11)	MW	228 294 296 322 405 447 547 689 730 1014 1106
204	5	136	(5, 7)	MWF	233 344 747 809 829 889 904 944 1067 1113
205	54	137	(3, 4)	MWF	233 948
206	13	30	(0, 3)	T	240
207	6	138	(10, 12)	MW	247 321 378 453 456 498 522 535 551 653 662 743 755 774 779 780 789 885 888 914 929 950 994 1051 1082
208	55	48	(0, 1)	MWF	251 263 408 462 492 532 542 597 634 661 719 750 775 804 834
209	36	139	(12, 17)	M	258 338 480 754
210	128	27	(16, 19)	M	
211	107	140	(0, 5)	T	272 320 599 867 1030
212	107	81	(12, 14)	MWF	273 528 627 725 748
213	22	118	(0, 1)	M	279 331 394 524 626 690 747 753 766 810 877 883 951 969 983 986 995 1006 1015 1027 1032 1035 1037 1059 1071 1075
215	30	127	(5, 7)	MWF	300 727 750 763 871 936 958 966 1021 1040 1058 1068 1094
216	45	30	(10, 13)	T	305 444
218	53	14	(17, 19)	MWF	307 388 391 555 664
219	11	30	(14, 15)	MW	321 447 485 504 589 603 644 810 1014
220	67	44	(13, 15)	MWF	326 410 506 538 552 629 656 686 779 787 817 826 850 854 877 884 924 946 954 1010 1041 1058 1059 1096
221	6	123	(3, 5)	MWF	372 709 710 768 795 817 827 925 926 927 938 981 1004 1032 1061
222	123	141	(0, 3)	M	333
223	33	47	(5, 7)	MWF	336 374 385 454 456 465 533 572
224	12	85	(4, 5)	MWF	395 1023
225	45	110	(3, 6)	W	444
226	21	NA	(0, 2)	TTH	363 464 531 705
227	2	110	(16, 17)	MWF	415
228	34	1	(3, 4)	MWF	376 581 607 764 774 989
229	39	143	(16, 17)	MWF	562 818 1044
231	12	144	(13, 14)	MWF	406 542 556 679 685
232	45	115	(14, 19)	T	418
233	2	4	(7, 9)	TTH	419 642
234	39	143	(12, 13)	MWF	436 717 767
235	123	139	(4, 9)	M	
236	3	98	(2, 4)	MWF	483 512 524 525 529 557 567 603 626 718 721 727 732 739 740 747 753 762 766 781 782 788 789 791 793 794 798 809
237	53	33	(6, 9)	T	489
238	44	2	(16, 18)	MW	687
239	21	19	(8, 9)	MWF	514 629 763
240	8	62	(3, 5)	MWF	515 777 979
241	8	147	(6, 11)	T	515 669 847
243	42	108	(7, 8)	MWF	553 732 753 970 1018 1043 1073 1074
245	5	141	(5, 7)	TTH	578 621 788 817 853 878 952 1008 1025 1026 1077 1104
246	34	29	(12, 14)	TTH	607 880
247	127	147	(4, 9)	M	613
248	52	115	(2, 7)	M	631 641 656
249	122	NA	(16, 18)	MWF	637 673 697 764 786
250	22	152	(11, 13)	TTH	641 820
251	39	159	(0, 1)	M	794 798 943 945 958 959
252	22	160	(9, 10)	M	819 838 930 982 1008 1018 1034 1050 1073 1075 1086
254	44	138	(13, 15)	MW	879 887 976
255	86	165	(17, 19)	MWF	1170 1303 1312 1448 1488 1567 1741 1758 1790 1795 1837 1850 1903 2055 2123 2144 2146 2218
256	119	166	(8, 10)	MWF	1118 1330 1390 1452 1711 1803 2191
257	86	167	(14, 16)	MWF	1118 1165 1232 1244 1293 1298 1429 1450 1454 1533 1590 1626 1641 1715 1795 2077 2091 2138 2244 2301
258	82	168	(9, 11)	MWF	1131 1137 1165 1218 1246 1563 1618 1714 1718 1988 2044 2063 2156 2247 2248
259	76	169	(18, 19)	MTWTHF	1118 1121 1123 1128 1134 1137 1151 1152 1185 1321 1322 1323 1329 1332 1342 1343 1346 1350 1368 1397 1402 1413 1474 1480 1497 1503 1504 1522 1530 1558 1560 1570 1571 1578 1584 1597 1615 1618 1636 1643 1670 1704 1706 1710 1729 1730 1734 1738 1763 1772 1809 1818 1829 1856 1861 1863 1882 1908 1917 1945 1967 1977 2004 2028 2049 2091 2094 2097 2103 2105 2136 2174 2182 2197 2209 2230 2232 2248 2269 2272 2273 2281 2293 2300
262	43	173	(5, 7)	MWF	1119 1733 2205
263	82	174	(6, 8)	MWF	1282 1309 1326 1407 1515 1555 1658 1707 1718 1751 1883 2031 2070 2118 2142 2165 2192 2204 2229 2280
264	88	175	(18, 19)	MTWTHF	1161 1171 1182 1238 1246 1290 1382 1385 1390 1407 1437 1447 1533 1602 1898 1943 1988 2130 2140 2224 2238 2253
266	44	177	(8, 10)	MWF	1186 1196 1439
267	8	178	(17, 19)	MWF	1120 1184 1386 1582 1747
269	69	180	(6, 8)	MWF	1120 1124 1129 1187 1301 1349 1405 1489 1531 1545 1670 1671 1800 1810 1827 1830 1899 1940 2021 2028 2182 2185 2189 2196
270	76	181	(0, 2)	TTHF	1120 1121 1128 1130 1275 1298 1321 1323 1331 1343 1350 1402 1405 1413 1421 1430 1515 1525 1568 1580 1585 1597 1605 1643 1647 1652 1670 1699 1701 1704 1740 1742 1758 1787 1789 1809 1850 1869 1870 1892 1929 1945 1967 2042 2043 2124 2144 2158 2182 2230 2232 2248 2289
271	86	182	(12, 13)	MTWTHF	1121 1136 1139 1166 1239 1241 1250 1296 1326 1339 1371 1520 1526 1601 1719 1742 1933 1946 1971 2026 2051 2103 2129 2190 2209 2250
272	84	185	(0, 2)	MWF	1123 1133 1136 1161 1197 1198 1202 1205 1213 1228 1299 1395 1530 1571 1595 1615 1654 1684 1690 1714 1768 1769 1832 1846 1868 1881 1883 1939 2093 2106 2133 2139 2141 2196 2208
273	83	186	(2, 3)	MTWTHF	1154 1242 1301 1624 1747 1803 1872 1963 2001 2028 2091 2229
274	74	187	(10, 11)	MTWTHF	1122 1139 1155 1183 1195 1223 1256 1287 1297 1313 1367 1441 1453 1481 1525 1528 1558 1564 1599 1611 1708 1844 1866 1868 1875 1882 1893 2011 2021 2073 2076 2133 2176 2185 2195 2219 2220 2236 2241 2278 2286 2291 2299
275	75	188	(0, 3)	M	1122 1183 1531 2236 2291
276	74	189	(14, 15)	MTWTHF	1122 1136 1151 1156 1185 1233 1256 1279 1282 1291 1327 1459 1481 1485 1503 1520 1530 1570 1572 1578 1584 1597 1616 1636 1701 1729 1794 1854 1856 1866 1892 1936 1952 2055 2073 2108 2141 2142 2144 2147 2155 2173 2174 2180 2208 2236
277	65	190	(18, 19)	MTWTHF	1414 1419 1438 1481 1510 1516 1572 1722 1724 1831 1851 1854 1862 1916 1969 1993 2076 2155
278	99	191	(6, 8)	MWF	1149 1383 1639
279	99	192	(12, 14)	MWF	1974 1998 2149
280	102	193	(0, 2)	MWF	1124
281	76	184	(3, 5)	TTHF	1123 1141 1226 1269 1342 1415 1464 1487 1505 1548 1562 1600 1612 1616 1627 1653 1671 1720 1724 1780 1826 1862 1940 2045 2087 2121 2227
282	88	181	(5, 7)	MWF	1180 1510 1685 1813 2163 2273
284	103	196	(15, 17)	MWF	1166 1338 1350 1427 1752
285	113	197	(0, 5)	TH	1484 1771 1975 2057 2210
286	113	198	(0, 5)	F	2005
287	81	199	(15, 17)	MWF	1420 1543 1836 2167 2187 2194
288	86	200	(9, 11)	MWF	1142 1221 1298 1314 1366 1371 1419 1480 1537 1545 1572 1614 1636 1658 1745 1766 1815 1857 1874 1903 1922 1980 1990 2027 2082 2112 2230 2277
289	83	201	(0, 1)	MTWTHF	1129 1143 1271 1375 1399 1435 1452 1497 1502 1553 1653 1875 2049 2094 2097 2126 2153 2176 2195 2219 2241 2243 2244 2293
290	127	202	(12, 13)	TTHF	1783
291	113	203	(12, 17)	M	1149 1855 1944 2118
292	62	204	(9, 10)	MTWTHF	1174 1248 1252 1280 1302 1331 1421 1430 1455 1471 1488 1495 1546 1598 1664 1678 1679 1776 1790 1810 1822 1831 1899 1907 1969 1984 2014 2115 2131 2138 2213 2214 2271 2297
293	82	205	(3, 5)	MWF	1125 1151 1195 1197 1233 1341 1379 1399 1429 1564 1619 1743 1853 1903 1920 2105 2107
294	82	206	(15, 17)	MWF	1193 1238 1366 1443 1465 1832 1840 1898 2153 2158
295	62	201	(14, 15)	MTWTHF	1125 1127 1160 1319 1474 1480 1573 1722 1751 1837 1838 1891 1903 1909 2160 2210
296	88	207	(0, 2)	MWF	1125 1194 1302 1438 1474 1489 1828 2066 2074 2179 2223
297	70	208	(0, 2)	MWF	1150 1219 1254 1420 1496 1501 1681 1696 1817 1980 2261
298	86	209	(0, 2)	MWF	1126 1152 1160 1164 1244 1287 1307 1327 1370 1372 1407 1584 1611 1658 1700 1725 1730 1754 1763 1772 1778 1977 2007 2040 2138 2278 2299
299	103	210	(0, 2)	MWF	1231 1922 1937 2038 2147
301	79	212	(0, 2)	MWF	1542 1919 2156
302	65	213	(3, 6)	T	1127 1156 1189 1203 1291 1344 1363 1518 1529 1626 1833 1834 1984 2100 2225 2231
303	86	182	(6, 8)	MWF	1127 1128 1153 1286 1341 1387 1423 1454 1494 1530 1643 1840 1866 1909 1917 2108 2140 2147 2180 2245 2252
304	83	189	(9, 10)	MTWTHF	1206 1272 1278 1283 1309 1320 1356 1360 1394 1413 1474 1532 1754 1775 1786 1820 1821 1923 1959 1962 2077 2158 2190 2196 2279
305	69	216	(15, 17)	MWF	1211 1371 1457 1458 1487 1564 1565 1602 1619 1643 1730 1746 1842 2035 2050 2066 2132
306	74	217	(16, 18)	MWF	1129 1143 1156 1187 1204 1291 1305 1316 1353 1369 1375 1452 1498 1520 1538 1540 1587 1639 1640 1650 1656 1659 1703 1718 1725 1740 1742 1749 1770 1778 1794 1895 1983 2001 2017 2089 2177 2192 2208 2237 2245 2287
307	75	218	(13, 15)	MWF	1130 1550 1685 1853
308	83	219	(4, 5)	MTWTHF	1130 1209 1228 1418 1550 1605 1606 1819 1847 1963 2089 2147 2247
310	110	219	(10, 15)	M	1975
311	28	222	(17, 19)	MWF	1131 1153 1168 1177 1190 1315 1355 1439 1461 1479 1598 1632 1651 1675 1677 1678 1721 1773 1799 1806 1843 1847 1876 1947 2064 2095 2125 2151 2283
312	66	180	(3, 5)	TTHF	1133 1417 1775 2018 2194 2262 2270
313	10	223	(6, 7)	MTWTHF	1131 1177 1482 1522 1615 1703 1710 1738 1947 1992 2200
314	89	224	(0, 2)	MWF	1131 1166 1267 1513 1614 1860 2071 2112
315	112	225	(0, 3)	M	1157 1169 1224 1296 1365 1394 1426
316	112	225	(4, 7)	M	1181 1273 1318 1334 1394 1426 1448
317	13	226	(4, 6)	TTHF	1511
318	13	227	(12, 13)	MTWTHF	1132
319	90	165	(8, 10)	MWF	1132 2012
321	113	197	(9, 14)	W	1133 1555 1567 1759 1976 2098 2171 2256
325	87	231	(3, 5)	MWF	1137 1172 1307 1328 1377 1402 1549 1625 1651 1686 1753 1932 1941
327	76	233	(6, 11)	M	1135 1140 1141 1197 1213 1216 1217 1227 1231 1242 1254 1294 1312 1353 1379 1380 1401 1456 1479 1519 1541 1562 1588 1600 1623 1654 1696 1701 1709 1744 1753 1767 1785 1920 1941 1942 1946 1995 2042 2043 2053 2090 2127 2143 2186 2199 2207 2250 2268 2282
328	56	234	(9, 11)	MWF	1148 1381
329	70	235	(16, 19)	M	1167 1220 1335 1535 1539 1576 1589 1635 1702 1736 1946 2121 2128 2149 2159 2179 2184 2205 2225 2251 2259
330	76	237	(15, 17)	MWF	1135 1141 1172 1197 1213 1216 1227 1231 1242 1269 1294 1310 1322 1339 1376 1377 1379 1380 1401 1415 1456 1491 1505 1510 1519 1521 1541 1562 1588 1600 1605 1606 1623 1625 1646 1654 1671 1696 1699 1713 1744 1753 1767 1793 1805 1862 1920 1937 1941 1942 1993 2037 2048 2053 2127 2143 2185 2207 2227 2239 2250 2268
331	27	239	(0, 2)	MWF	1444 1645
333	61	241	(7, 9)	MWF	1239 1268 1595 1861 2255
334	82	242	(0, 2)	MWF	1138 1256 1260 1463 1508 1560 1573 1707 1793 1863
335	89	168	(12, 14)	MWF	1138 1245 1366 1447 1465 1568 1614 1786 2109 2112
336	2	243	(0, 1)	MTWTHF	1382 2081
337	115	244	(9, 11)	MWF	1138
338	62	245	(4, 5)	MTWTHF	1139 1183 1184 1414 1599 1749 1844 2012 2159 2252 2266 2299
339	96	246	(10, 11)	MTWTHF	1382 1725 1963
340	41	246	(14, 16)	TTHF	1140 1148 1554 1978
341	87	231	(12, 14)	MWF	1478 1799 2127 2261
342	113	198	(7, 12)	F	1759 2059
345	86	209	(3, 5)	MWF	1142 1275 1405 1588 1597 1767 1829 1863 1891 1950 2073 2137 2196 2210 2234 2272 2286
346	84	249	(4, 5)	MTWTHF	1169 1177 1187 1201 1296 1439 1645 1778 1802 1804 1860 1947 1992 2095 2108 2180
347	61	250	(14, 16)	MWF	1217 1236 1428 1440 1676 1846 2178
348	127	251	(8, 11)	TTHF	
349	11	243	(4, 5)	MTWTHF	1143 1350 1413 1571 2139
350	31	252	(0, 2)	MWF	1144 1575 1663 1876 1966 2146
351	36	253	(3, 4)	M	1144 1966 2146
352	5	254	(8, 9)	MTWTHF	1144 1261 1271 1514 1517 1575 1610 1625 1628 1651 1663 1700 1733 1829 1878 1964 1966 2122 2124 2151
353	113	255	(0, 5)	T	1144 1732
355	113	203	(6, 11)	TH	2019 2251 2285
356	114	256	(12, 14)	MWF	1412 1586
357	51	257	(2, 3)	MTWTHF	1145
361	31	262	(3, 5)	MWF	1146 1178 1291 1751 1830 1995 2300
362	69	263	(0, 2)	MWF	1193 1261 1293 1333 1366 1379 1380 1392 1447 1627 1666 1942 2142 2277
363	92	264	(4, 7)	M	
364	70	265	(16, 18)	TTHF	1146 1181 1288 1319 1340 1534 1739 1864 1891 1905 1938 2056 2166 2215 2264
365	52	266	(12, 15)	M	1147 1455 2253
366	45	267	(7, 8)	W	1537 1757
367	65	268	(3, 6)	TH	1303 1563 1906
370	51	271	(6, 8)	MWF	1356 1478 1567 2240
371	115	231	(15, 18)	M	1148 1927 2002 2233
372	103	272	(4, 7)	TH	1337 1340 1555 1851
373	117	273	(0, 1)	MTWTHF	1149 1805 1914 2069 2240
374	60	273	(2, 4)	MWF	
375	120	274	(2, 4)	MWF	1149 1361 1762 1917
376	89	275	(9, 11)	MWF	1150 1222 1327 1690 1849 2109 2125
377	82	205	(12, 14)	MWF	1150 1202 1222 1237 1259 1266 1288 1381 1420 1467 1482 1483 1490 1642 1746 1790 1849 1905 1986 2013 2027 2032 2145 2157
378	105	276	(10, 13)	M	
379	99	277	(4, 5)	MTWTHF	1324 1521
380	42	278	(4, 6)	MWF	1403 1526 1592 1640 1964
381	78	212	(3, 5)	MWF	1153 1423 1536 1538 1675 1748 1936 2156 2173 2202 2254 2287
382	107	279	(4, 6)	MWF	1444 1485 1721 2151 2258
383	78	280	(6, 8)	MWF	1154 1229 1389 1447 1553 1617 1692 1887 1897 2109
384	74	281	(12, 13)	MTWTHF	1168 1184 1212 1218 1255 1265 1270 1275 1297 1306 1349 1373 1424 1445 1470 1498 1581 1587 1609 1621 1644 1648 1674 1677 1749 1776 1823 1872 1890 1911 1913 2040 2096 2107 2155 2188 2199 2202 2224 2237 2245 2254 2287
386	103	282	(6, 8)	MWF	1201 1248 1250 1266 1272
387	69	283	(3, 5)	MWF	1155 1171 1255 1397 1583 1664 1704 1742 1841 1842 1884 1980 2011 2024 2044 2061 2267
388	103	211	(8, 11)	T	1156 1221 1644 1886 2086
389	103	282	(9, 11)	MWF	1157 1169 1172 1179 1200
390	67	284	(0, 2)	TTHF	1157 1384 1406 1417 1461 1511 1536 1613 1798 1806 1900 1956
391	30	285	(8, 9)	MTWTHF	1175 1225 1273 1391 1513 1645 1720 1721 1881 1935 2095 2136 2173 2203 2217
392	116	286	(15, 18)	M	2110
393	61	287	(0, 2)	MWF	1158 1170 1257 1320 1404 1459 1547 1711 1781 1786 1796 1902 1959 2002 2140 2169 2178 2295
396	96	289	(0, 2)	MWF	1369 1734
397	62	290	(0, 3)	M	1159 1354 1396 1458 1499 1591 1596 1637 1756 1925 2206
398	94	291	(9, 11)	MWF	1159 1208 1270 1286 1292 1396 1581 1624 1764 1836 2010 2117 2183 2244
399	94	290	(4, 6)	MWF	1159 1268 1388 1458 1919 2086 2183 2298
401	65	213	(10, 12)	MWF	1160 1161 1321 1323 1494 1560 1660 1722 1739 1769 1774 1856 1970 1996 2007 2139 2160 2162 2165 2174
402	118	293	(0, 3)	M	1162
403	74	NA	(4, 7)	M	1162 1163 1263 1281 1347 1365 1378 1410 1422 1449 1457 1472 1512 1561 1577 1607 1616 1647 1667 1689 1716 1768 1789 1803 1809 1850 1858 1873 1880 1895 1953 1987 1999 2003 2009 2034 2039 2084 2093 2104 2126 2148 2206 2276
404	70	295	(5, 6)	M	1167 1232 1325 1352 1400 1556 1691 1705 1736 1752 1787 1808 1814 2225 2288
405	85	296	(8, 10)	MWF	1580 1752 1953 2239 2288
406	70	183	(7, 8)	MTWTHF	1276 1367 1460 1527 1717 1780 1787 1788 1857 1926 1937 2114 2116 2170 2226 2256
407	114	297	(0, 2)	MWF	1163 1694
408	88	NA	(8, 13)	MWF	1422 1647
411	127	300	(3, 5)	TTHF	1493
412	89	242	(6, 8)	MWF	1338 1463 1501 1698 1804 2026 2040
413	61	301	(17, 19)	MWF	1344 1416 1467 1532 1800 1906 1960 2137 2181
414	25	302	(2, 3)	MTWTHF	1165 1243 1289 1545 1639 1660 1661 2008 2203 2228 2294 2301
415	70	304	(3, 5)	TTHF	1167 1260 1312 1325 1376 1516 1589 1672 1705 1730 1735 1812 2039 2074 2084 2099 2261 2280
416	87	305	(6, 8)	MWF	1240 1328 1603 2092 2113
417	27	306	(13, 15)	TTHF	
418	84	308	(6, 8)	MWF	1166 1230 1233 1315 1371 1653 1690 1745 1799 1843 1852 1894 2060 2062 2077 2131 2164 2210 2297
419	112	309	(0, 2)	TTHF	1167 1180 1274 1358 1518 1549 1589
420	79	310	(3, 6)	M	1168 1207 1384 1740
421	61	311	(3, 6)	M	1170 1223 1320 1386 1511 1846 2290
422	51	312	(4, 5)	MTWTHF	1432 1574
423	118	297	(3, 5)	TTHF	1632
425	119	314	(0, 2)	MWF	1172 1322 1376 1493 1494 1546 1603 1766 1810
426	98	315	(0, 2)	MWF	1240 1362
427	114	279	(7, 9)	MWF	1173 1511 1538
429	90	317	(11, 14)	M	1174 1211 1463 1901
430	69	318	(12, 14)	MWF	1205 1335 1427 1505 1915 1940 2072 2274
431	21	319	(10, 13)	M	1175 1317 1501 2203
432	90	320	(0, 1)	T	1524 1797 2212
433	36	321	(0, 3)	T	1176 1666
434	7	248	(4, 6)	MWF	1176 2213
435	66	322	(12, 14)	TTHF	1176 1311 1437 1534 1569 2018 2264 2270
436	92	317	(15, 17)	MWF	1476 1665 1684 1775 1954 2255
437	94	323	(0, 1)	MTWTHF	1178 1304 1306 1470 1519 1674 1675 1801 1949 2044 2096 2245
438	110	324	(5, 6)	MTWTHF	
445	99	277	(2, 3)	MTWTHF	1181 1251 1649
446	113	329	(13, 15)	TTHF	1200 1383 1419 1582 1664 1678 1680 1764 1921 2094 2114
447	98	207	(3, 6)	M	
448	12	330	(11, 12)	T	1182 1214 1765 1877
449	65	331	(7, 9)	MWF	1182 1279 1316 1329 1342 1516 1558 1626 1741 1794 1841 1865 1908 2103
450	65	268	(0, 2)	TTHF	1185 1241 1357 1445 1503 1504 1532 1540 1833 2105 2160 2162 2281
451	6	332	(13, 15)	MWF	1403 1418 1435 1514 1703 2089 2122 2205 2247
452	55	223	(2, 3)	MTWTHF	1266 1349 1424 1526 1592 1640 1822 1823 1847 2033 2247
454	61	264	(11, 13)	MWF	1186 1196 1552 1610 1860 2152 2163
455	76	333	(12, 14)	MWF	1208 1224 1225 1269 1313 1510 1535 1600 1606 1615 1646 1649 1654 1688 1782 1879 1916 1980 1993 1995 2003 2024 2025 2031 2087 2113 2243 2272
456	85	296	(4, 6)	MWF	1188 1300 1761 1857 2116 2175
457	88	334	(14, 17)	M	1188 1223 1347 1460 1607 1717 1787 1825 1857 1858 1914 1926 1957 2069 2093 2175
458	85	335	(0, 2)	TTHF	1364 1638 1683 2029 2256 2260
459	70	169	(9, 10)	M	1188 1265 1365 1449 1457 1472 1484 1527 1622 1667 1761 1780 1788 1813 1825 2009 2114 2116 2170 2175 2256 2276
460	88	336	(15, 17)	TTHF	1189 1324 1714 1716 1785 1814 1834 2005 2022 2124 2134
461	124	337	(18, 19)	MTWTHF	1881
462	41	284	(11, 13)	MWF	1190 1209 1257 1513 1902 1936
463	81	338	(0, 3)	M	1601 1859
464	89	224	(3, 5)	MWF	1191 1196 1267 1610 1633
465	103	196	(8, 11)	TH	1359 1719 1951
466	103	339	(16, 19)	T	1191 1359 1719 1762 1836
468	13	340	(17, 19)	MWF	1235
469	11	227	(2, 3)	M	1192 1220 1727 1784
470	11	341	(0, 1)	M	1192 1220 1425 1433 1727 1933 2120
471	124	342	(4, 6)	MWF	1192
472	113	203	(15, 18)	W	1192 1896 1918
473	65	343	(2, 3)	M	1238 1270 1308 1441 1553 1617 1689 1692 1785 1791 1870 1874 1887 1970 2195
474	127	345	(0, 2)	TTHF	1837
475	48	300	(8, 11)	F	1194 1237 1345 1348 1486 2246
476	70	346	(13, 15)	MWF	1230 1254 1274 1315 1358 1496 1638 1681 1826 1828 1865 1948 1949 2000 2045 2184 2218 2280
477	98	304	(7, 10)	M	1194 1649
479	89	275	(15, 17)	MWF	1224 1334 1392 1781 1907 1994 2080 2165
480	52	348	(16, 18)	MWF	1198 1549 2063
481	62	187	(12, 13)	M	1199 1300 1348 1409 1436 2111 2154 2201
482	78	349	(9, 12)	M	1383 1461 1592 1613 1672 1740 1748 1877 1900 2019 2033
484	92	241	(0, 3)	T	
485	36	352	(5, 6)	M	1203 1337 1966 2146
486	62	218	(6, 8)	MWF	1204 1304 1306 1398 1409 1424 1644 1823 1913 1975 2005 2048 2111 2154 2201
487	52	353	(4, 6)	TTHF	1715 1902
489	94	324	(7, 8)	MTWTHF	1207 1297 1416 1675 1693 1702 1801 1872 1979 2254
490	12	NA	(9, 10)	MTWTHF	1209 1228 1418 1550 1997
491	47	354	(4, 6)	MWF	1210
492	10	285	(2, 3)	M	1210 1272 1691 1726 1777 1806 2123 2259
493	85	346	(16, 19)	M	1210 1219 1464 1552 1782 2260 2292
494	85	208	(3, 6)	T	1444 1576 2251
495	92	167	(4, 7)	T	1252
496	103	356	(18, 19)	W	1409 1550 1990 2022 2050
497	81	357	(4, 6)	MWF	1212 1218 2166
498	83	358	(6, 8)	MWF	1243 1270 1528 1591 1596 1624 1630 1637 1668 1764 1776 2010 2117 2141 2202 2234
499	23	278	(2, 3)	MTWTHF	1212 1286 1347 1574 1586 1685 1996 2117
500	115	221	(5, 8)	M	1214 1288 1436 2295
501	22	359	(14, 15)	T	1330 1450 1508 2065 2166
502	34	313	(5, 7)	MWF	1215 1280 1284 1368 1734
503	90	214	(0, 3)	M	1236 1324 1428 1473 1982
504	61	311	(0, 3)	T	1215 1282 1299 1330 1352 1483 1489 1547 1618 1620 1714 1779 2204
506	88	208	(3, 4)	M	1219 1230 1438 1493 1496 1594 1782 1828 1974 2025 2205 2261
507	98	333	(15, 18)	M	1664 1672
508	92	361	(8, 10)	MWF	1415 1796
509	113	197	(0, 5)	W	1220 1235 1317 1386 1398 1565 1918 1983 2119
511	8	362	(15, 18)	T	1224 1240 1727 1779 2249
512	65	363	(16, 17)	MTWTHF	1226 1247 1385 1426 1585 1608 1729 1774 1882 1890 1899 1949 2021 2067 2220
513	99	364	(16, 18)	MWF	1493 1833 1934
514	112	365	(3, 5)	TTHF	1274 1989 2081 2242
515	66	357	(0, 3)	M	1229 1285 1867 1915 2006 2075 2130 2188
516	69	263	(4, 7)	T	1229 1383 1407 1450 1601 1859 2071 2102 2187
517	70	366	(11, 12)	MTWTHF	1232 1264 1276 1325 1378 1400 1512 1556 1593 1634 1635 1705 1780 1808 1813 1814 1952 1999 2101 2121 2161 2290
518	61	200	(7, 10)	T	1234 1475 1711 1773 1793 1981 2019 2051 2231
519	57	367	(7, 9)	MWF	1234 1805 1808
520	13	368	(14, 16)	MWF	1343
521	113	203	(0, 5)	M	1235
522	113	203	(6, 11)	M	1235 2059 2068
523	113	255	(6, 11)	T	1434 1732 1896 1918 2119 2266
525	52	266	(7, 9)	TTHF	1336 1972 1994
526	27	262	(10, 12)	MWF	
527	111	370	(13, 14)	M	1575 1956 2231
529	113	372	(16, 19)	T	1241 1391 1433 1477 1576 1641 1743 1769 1788 1792 1897 1933
530	66	373	(0, 2)	TTHF	1408 1655 1757 1867 1885 1915 1976 2004 2083 2098 2218
531	123	348	(11, 13)	MWF	1608
532	89	174	(3, 6)	T	1459 1642 1663 1676 2052 2057
534	69	322	(9, 11)	MWF	1247 1375 1445 1465 1509 1662 1669 1884 2045 2118 2192 2194
535	103	336	(12, 14)	MWF	1247 1352 1362 1377 1561
536	11	341	(6, 8)	TTHF	1414 1589 1682 1784 1944 1974
537	34	375	(15, 18)	T	1317
539	65	377	(7, 10)	T	1249 1253 1656 1770 2110 2212
540	8	202	(9, 10)	M	1249 1554 1687 1950
541	127	378	(0, 3)	M	1249
542	81	379	(3, 6)	T	1554 1938
545	42	382	(2, 3)	MTWTHF	1765 2017 2134
546	81	283	(11, 14)	M	1252 1338 2092
547	81	384	(10, 12)	TTHF	2006
548	65	176	(0, 3)	W	1303 1771 1973 2275 2296
549	107	385	(15, 18)	M	1551 1849 2047 2054 2085
550	103	374	(0, 3)	TH	1258 1339 2187
551	24	302	(8, 10)	MWF	1258 1577 1957 2211
552	92	NA	(8, 11)	T	1258 2183
553	124	386	(0, 2)	MWF	1259
554	105	387	(14, 15)	MTWTHF	
555	98	184	(11, 14)	M	1464 2179
557	76	388	(8, 10)	TTHF	1263 1264 1352 1362 1512 1548 1561 1634 1635 1655 1659 1691 1789 1814 1825 1914 1950 1999 2034 2050 2101 2123 2132 2148 2149 2161 2259
558	85	237	(2, 3)	M	1264 1364 1523 1527 1593 1634 1638 1655 1659 1683 1895 1914 2029 2034 2050 2069 2121 2128 2132 2161 2190 2233 2260
559	92	389	(0, 3)	M	1278 1563 1568 2198
560	115	228	(2, 4)	MWF	1271
561	103	390	(18, 19)	M	1326 1472 1521 1523 1583
562	85	333	(0, 1)	M	1535 1539 1649 1782 1889 1916 2025 2113 2184
563	85	391	(13, 14)	M	1276
564	102	193	(3, 6)	M	1277
565	122	392	(10, 12)	TTHF	1277 1464 1735
566	98	208	(7, 10)	T	2078
567	124	394	(7, 9)	MWF	
568	103	269	(12, 15)	T	1284 1906 2100
570	34	330	(11, 13)	MWF	1285 1340 1360 1522 1816
571	103	272	(4, 7)	T	1289 1446
572	121	305	(0, 3)	M	1295
573	94	395	(2, 3)	MTWTHF	1292 1351 1581 1587 1631 1819 2177
574	110	281	(0, 1)	MTWTHF	1292 1373 1581 1668 1669 1693 1819 2031 2177
575	103	307	(12, 15)	TH	1451 1938
576	111	279	(10, 12)	MWF	1293
577	39	396	(2, 3)	MTWTHF	1294 1845 1910
579	87	398	(0, 5)	T	1295 1552 1579 1750 1762
580	45	399	(0, 2)	MWF	1594 1974
582	61	400	(4, 6)	TTHF	1492 1537 1556 1774 1905 1973 1998 2023 2080 2160
583	99	364	(9, 11)	MWF	1301 1557
584	65	401	(7, 10)	TH	1303
585	110	402	(2, 4)	MWF	1304 1373 1543 1693 1949
586	96	403	(12, 13)	MTWTHF	1517 1713 1728 2263
587	75	188	(9, 12)	MWF	1398 1590 2005 2048
588	41	404	(4, 6)	MWF	1310 1421 1646 1699 1855
590	65	406	(13, 15)	MWF	1314 1346 1390 1531 1611 1633 1839 1992 2001 2220 2241
591	87	407	(0, 2)	MWF	1314 1454 1582 1708 1831 1848 1871 1924 1960 2013 2167 2263
592	66	357	(8, 10)	MWF	1355 1357 1491 1677 1770 1901 1951 2074 2218 2298
593	8	408	(13, 16)	M	1687 1761 1880 1979
595	65	410	(11, 14)	T	1381 1398 1507 1685 1724 1736 1750 1904 1965 2048
596	124	393	(13, 15)	MWF	1506
597	114	411	(10, 11)	MTWTHF	1328 1587 1934
598	127	345	(11, 14)	M	1331
599	121	412	(4, 6)	MWF	1559
600	64	413	(0, 2)	MWF	1332 1400 1706 1751 1839 1856 1878 2010 2115
601	53	414	(10, 11)	T	1333 1557
602	135	415	(17, 19)	MWF	
603	81	384	(0, 2)	TTHF	1334 1859 1909 2056
604	36	252	(4, 7)	T	1515 1604 2274
605	66	416	(15, 17)	MWF	1370 1466 1509 1743 1755 2099
606	103	210	(3, 5)	MWF	1412 1484 1507 1673 1965
607	41	417	(14, 17)	M	1451 1888 2060 2134
608	123	368	(17, 19)	MWF	2109
609	12	418	(0, 3)	M	1500 2216 2289
610	34	340	(14, 16)	MWF	1344 1861 2043
612	98	391	(0, 1)	T	2065
613	98	388	(3, 5)	TTHF	
614	110	290	(7, 9)	MWF	1354
615	52	420	(0, 3)	T	1356 1641 2296
616	111	337	(15, 16)	MTWTHF	2267
617	123	353	(0, 3)	T	1360
618	90	407	(2, 5)	T	1361 1534 2246
619	11	421	(13, 15)	TTHF	
620	13	422	(14, 17)	T	1698
621	7	387	(18, 19)	MTWTHF	1631 2145
623	52	293	(8, 11)	M	1370 1755 1987
624	81	283	(7, 9)	MWF	1661 1868
627	54	340	(0, 2)	MWF	1374 1385 1529 1994
629	124	423	(10, 12)	MWF	1384
631	95	425	(0, 3)	M	1927
632	121	387	(7, 8)	MTWTHF	
633	39	426	(4, 5)	MTWTHF	1387 1456 1898
634	20	427	(0, 2)	MWF	1388 1609 2086 2088
635	90	428	(4, 7)	M	1392 1757 1904 2083
636	127	429	(15, 18)	M	1393
637	12	430	(13, 16)	T	1395 1894 1985 2068
638	65	241	(11, 14)	TH	1395 1985 2068 2267 2283
639	95	430	(4, 7)	M	1396
641	57	432	(0, 2)	MWF	1403 1544 2222
642	119	434	(3, 5)	MWF	1406 1928 2135
643	99	435	(0, 1)	M	1408 2015
644	123	293	(4, 6)	TTHF	
645	66	166	(11, 14)	M	1411 1469 1661 1781 1827 1904 2104 2213 2262
646	57	436	(4, 6)	MWF	1431 1442 1631
647	2	437	(2, 5)	T	1433 1788 2119
648	72	232	(0, 3)	M	1430 1886 1985 2083
649	79	280	(9, 11)	MWF	1432 1798 2285
650	126	193	(7, 10)	M	1723
651	66	416	(4, 7)	M	1435 1445 1590 1669 1997 2014 2270
653	116	NA	(7, 10)	M	1440 2022
654	43	234	(2, 4)	MWF	1514 2096 2122 2265 2284
656	116	225	(6, 8)	TTHF	
657	131	321	(0, 2)	MWF	
658	27	239	(3, 5)	MWF	1956 1962
659	114	246	(3, 6)	M	1888 2275
660	39	438	(14, 15)	MTWTHF	1452 1841 2063 2198
661	54	340	(9, 11)	MWF	1845
662	95	439	(8, 9)	M	1579
663	121	440	(9, 12)	M	1462
664	131	441	(3, 5)	MWF	1682
665	63	413	(3, 5)	MWF	1466 1894 2283
667	135	442	(8, 11)	T	1468
668	135	443	(12, 15)	T	
669	8	329	(0, 3)	TH	1469 2061 2295
670	95	279	(0, 2)	TTHF	1678 2063
671	7	387	(0, 1)	MTWTHF	1698 2221
672	111	421	(0, 2)	MWF	1476
673	131	387	(9, 10)	MTWTHF	1476
676	45	444	(13, 15)	MWF	2008 2128
677	111	297	(7, 9)	MWF	1492
679	2	446	(18, 19)	MTWTHF	1487 1557 1732
680	11	313	(9, 11)	TTHF	2234
681	111	423	(3, 5)	TTHF	1650
683	44	385	(3, 5)	TTHF	2047 2062 2064
684	7	422	(7, 9)	MWF	1496 1818
685	100	427	(3, 4)	M	
686	100	173	(8, 10)	MWF	1499 1609 1756 1869
687	90	400	(15, 18)	M	1501 2288
689	95	297	(10, 12)	MWF	1508
690	54	426	(12, 14)	MWF	
691	54	426	(15, 17)	MWF	
692	27	262	(13, 16)	M	1524 1821
693	131	447	(11, 14)	M	
694	54	448	(7, 8)	M	1529
696	24	419	(4, 6)	MWF	1586 1798
697	129	450	(0, 2)	MWF	1682
698	133	450	(3, 4)	MTWTHF	
699	111	332	(3, 6)	M	1548
700	7	345	(15, 17)	MWF	1559
701	114	225	(3, 5)	TTHF	1566 2297
702	81	322	(15, 18)	T	1569 1827 2098 2285
703	35	451	(14, 15)	MTWTHF	1574 1577 2197 2200
704	121	252	(13, 15)	MWF	
705	121	452	(16, 18)	MWF	1579
706	96	453	(14, 16)	TTHF	1598 1694 1968
707	103	454	(0, 3)	T	1599 1625 1971 2053 2078
708	128	455	(3, 5)	MWF	1885
709	133	456	(0, 2)	MWF	1621
710	45	343	(5, 5)	M	1628
711	134	353	(0, 2)	MWF	
713	31	254	(14, 15)	M	1645 1712 1807 1835 1981
714	27	253	(6, 8)	MWF	1807 1876
715	45	316	(10, 12)	MWF	1894 1985
716	128	342	(13, 15)	MWF	2242
718	11	458	(0, 1)	T	1679 1896 1916 1918 2015 2120
719	95	293	(13, 15)	MWF	1679
720	27	441	(17, 19)	MWF	1931 2058
721	92	361	(11, 14)	M	1684 1910
722	8	459	(11, 12)	MWF	1687 1889 1950
723	135	460	(0, 1)	M	1687
724	7	359	(12, 13)	M	1811
725	114	430	(15, 17)	MWF	1695 1881
726	128	403	(6, 7)	MTWTHF	1924
728	129	461	(3, 5)	MWF	1702
729	35	462	(6, 11)	M	1713 2135
730	134	254	(3, 4)	MTWTHF	
732	7	341	(2, 3)	M	
734	131	254	(11, 16)	T	
735	65	407	(4, 6)	MWF	1759 1831
736	103	465	(16, 17)	TH	
737	34	466	(8, 10)	MWF	1765
738	135	442	(2, 4)	MWF	1931
739	105	467	(0, 2)	MWF	1773
740	7	254	(10, 11)	M	1784
741	118	348	(8, 10)	MWF	1835 2166
742	113	221	(16, 19)	TH	1797 1848 2296
744	24	468	(2, 3)	M	2046
745	36	262	(7, 9)	MWF	2032 2064 2294
746	135	329	(5, 8)	M	1828
747	135	202	(14, 16)	MWF	2090
748	128	385	(0, 2)	MWF	1843
750	127	202	(17, 19)	TTHF	
751	116	435	(9, 11)	TTHF	
752	127	470	(6, 7)	TTHF	1889
753	53	447	(12, 15)	T	2191 2301
756	134	252	(5, 8)	M	
758	116	471	(5, 6)	M	1927
759	129	274	(7, 9)	MWF	1927
760	132	449	(0, 2)	MWF	1932
763	105	472	(3, 5)	MWF	1960
764	134	473	(9, 12)	M	
766	128	421	(10, 12)	MWF	1972
767	105	471	(16, 18)	MWF	1991
768	134	274	(13, 15)	MWF	1991
769	45	418	(6, 9)	M	2008 2216
770	116	435	(2, 4)	MWF	2015
771	116	NA	(11, 14)	M	2022
772	6	348	(0, 2)	TTHF	2035
773	132	303	(3, 6)	M	2041
774	100	474	(0, 1)	M	2041 2211
775	47	337	(0, 3)	M	2047 2212
777	135	475	(5, 7)	TTHF	2237
778	135	476	(9, 12)	M	2061
779	132	477	(7, 9)	MWF	2065
780	46	461	(6, 8)	MWF	2088
785	7	480	(2, 3)	T	
786	134	385	(6, 9)	T	
787	45	481	(16, 18)	MWF	2216 2289
789	7	466	(11, 13)	TTHF	2217
790	135	429	(0, 3)	T	2238
791	133	NA	(5, 6)	MTWTHF	
793	53	447	(16, 19)	T	2284
794	53	482	(0, 1)	TH	
