Students	2293
1	1 
2	2 
3	3 4 5 
4	6 
5	7 8 9 10 
6	11 12 13 
7	14 
8	15 
9	16 17 18 
10	19 20 21 
11	22 23 24 25 21 
12	26 14 27 
13	28 29 
14	15 30 
15	15 30 
16	31 32 21 33 34 
17	35 36 
18	37 38 21 
19	19 39 40 41 
20	42 18 43 
21	44 45 46 
22	47 
23	48 49 
24	50 51 
25	52 53 54 
26	19 55 18 33 
27	42 45 46 
28	55 56 57 
29	58 59 51 
30	32 51 21 60 
31	61 43 
32	62 49 10 33 
33	63 40 
34	64 49 65 
35	66 67 22 
36	68 69 70 
37	71 12 72 
38	31 23 73 
39	13 61 
40	74 58 75 
41	76 77 78 79 80 
42	81 65 82 
43	83 84 85 
44	80 86 87 
45	56 
46	88 15 70 89 
47	90 
48	56 91 50 
49	62 30 
50	92 40 93 
51	40 94 
52	95 59 96 
53	51 21 97 27 
54	56 98 99 34 
55	100 101 102 
56	41 51 21 
57	37 103 
58	23 88 
59	59 
60	102 24 40 
61	104 105 5 
62	106 107 
63	108 109 110 
64	68 82 111 
65	112 113 64 114 
66	115 116 73 
67	48 
68	23 117 
69	118 119 54 
70	120 7 121 
71	31 69 122 
72	123 124 125 126 
73	55 16 
74	106 60 
75	127 
76	51 21 
77	20 33 
78	128 7 23 
79	69 70 18 
80	128 7 129 108 
81	36 40 
82	102 110 
83	128 7 130 15 18 
84	56 131 106 
85	132 133 
86	82 
87	133 85 82 
88	37 134 135 52 
89	12 13 14 27 
90	49 18 
91	77 136 60 
92	123 104 15 70 
93	48 47 52 137 
94	138 44 139 
95	140 141 142 
96	143 71 43 
97	144 41 
98	145 146 
99	147 
100	148 67 106 
101	28 139 
102	52 53 54 
103	94 
104	149 14 
105	91 38 
106	150 49 119 84 
107	151 152 92 34 
108	102 50 
109	49 
110	137 110 149 
111	4 153 154 155 
112	44 84 54 61 
113	156 140 73 
114	3 157 28 106 
115	7 80 
116	59 
117	23 85 110 
118	158 
119	56 91 159 60 
120	74 102 
121	48 160 161 
122	119 84 82 
123	104 51 21 
124	63 142 18 
125	162 163 39 40 
126	136 
127	24 40 103 
128	164 
129	116 158 
130	165 64 
131	161 66 111 
132	166 167 
133	19 41 21 
134	52 61 
135	4 34 
136	23 168 14 159 
137	42 45 65 106 
138	85 99 82 
139	169 62 13 109 170 
140	18 171 41 21 
141	65 40 27 60 
142	172 
143	62 23 70 173 
144	128 7 
145	164 150 84 
146	101 44 165 18 
147	36 40 155 
148	157 17 108 
149	110 168 
150	80 174 
151	175 27 
152	44 71 176 84 
153	66 108 
154	140 129 160 161 
155	72 177 172 178 
156	22 16 
157	58 98 84 85 
158	76 77 79 56 91 
159	110 61 
160	147 163 
161	72 35 85 
162	66 67 94 
163	179 97 
164	147 115 89 111 
165	145 124 125 180 
166	157 28 
167	56 91 17 
168	62 122 180 106 
169	160 161 
170	119 82 
171	4 37 23 
172	66 67 181 
173	123 104 
174	157 28 23 46 
175	164 163 111 
176	63 82 
177	126 69 131 
178	53 34 
179	140 116 182 136 
180	59 26 
181	183 172 178 
182	128 7 129 125 
183	128 7 75 34 
184	66 67 17 
185	184 69 15 
186	77 78 185 186 
187	88 70 162 49 
188	81 40 
189	160 161 23 84 
190	175 80 168 149 
191	91 
192	128 120 7 18 
193	85 82 
194	63 187 
195	13 
196	56 23 17 
197	156 128 7 23 
198	139 98 84 99 
199	188 67 94 
200	18 38 32 21 
201	157 28 88 
202	88 98 85 
203	104 32 21 
204	128 120 7 18 
205	104 128 7 
206	147 189 190 118 
207	184 191 140 
208	188 157 155 26 
209	115 53 109 54 
210	177 172 135 
211	192 71 84 
212	23 163 24 193 93 
213	123 23 134 135 
214	110 43 
215	110 61 
216	194 4 37 195 190 
217	137 110 
218	101 196 180 14 
219	23 73 108 
220	183 8 88 34 
221	157 137 
222	197 22 23 73 
223	198 199 
224	139 
225	49 5 
226	200 49 18 
227	23 201 165 
228	202 203 183 59 84 
229	72 193 40 13 
230	68 84 
231	71 84 82 
232	156 69 70 
233	204 163 94 205 
234	19 23 73 18 
235	128 7 17 
236	45 71 96 
237	44 15 46 
238	132 59 22 88 49 
239	85 99 57 46 
240	156 206 49 136 
241	150 49 
242	57 53 13 61 
243	156 110 61 
244	7 125 
245	94 
246	59 9 115 158 
247	207 183 58 
248	81 183 58 
249	52 175 80 
250	64 49 
251	176 208 99 
252	104 7 
253	67 63 135 
254	23 137 110 168 
255	104 176 51 21 
256	104 128 26 
257	82 51 
258	115 116 209 210 
259	132 129 188 46 
260	157 23 176 
261	51 21 
262	188 42 46 
263	208 172 135 
264	46 21 27 
265	47 171 21 
266	56 91 51 
267	201 15 34 
268	102 29 21 
269	74 84 99 82 
270	17 
271	19 56 68 84 
272	211 200 110 
273	212 128 7 125 46 
274	40 
275	63 
276	55 56 51 
277	59 12 111 
278	177 172 
279	102 126 213 
280	22 84 85 
281	130 69 
282	28 84 
283	89 41 38 32 
284	23 33 
285	67 88 
286	104 95 28 46 
287	132 50 51 21 
288	63 
289	128 7 176 
290	132 116 15 27 
291	158 85 172 135 
292	3 129 157 124 
293	98 84 99 
294	202 203 56 23 
295	22 147 106 
296	202 203 48 
297	4 22 214 
298	76 99 
299	56 91 92 51 
300	215 38 51 21 
301	19 56 23 93 
302	71 136 14 60 
303	134 135 
304	81 150 
305	216 41 21 
306	85 99 82 
307	217 218 
308	71 190 94 179 
309	160 161 52 26 
310	145 45 71 
311	102 
312	188 106 46 
313	59 26 
314	52 53 13 54 
315	37 103 21 
316	63 147 
317	112 
318	71 23 40 
319	176 38 21 
320	211 53 13 109 
321	207 37 219 150 
322	202 203 139 
323	132 122 
324	62 126 15 168 
325	194 28 
326	220 41 51 
327	63 84 
328	104 102 41 20 
329	161 66 84 57 
330	56 68 221 
331	213 108 
332	199 64 
333	161 67 222 
334	56 91 51 21 
335	37 41 21 52 
336	183 223 98 84 
337	166 160 161 108 
338	181 209 
339	151 224 225 
340	58 59 
341	106 221 181 205 
342	145 124 
343	18 
344	23 204 172 
345	91 17 
346	91 
347	115 69 50 26 
348	92 53 
349	44 161 67 
350	183 2 24 32 
351	31 88 15 
352	63 99 82 
353	9 126 50 106 
354	147 106 221 
355	142 94 33 
356	44 16 
357	31 37 23 
358	128 23 88 122 
359	102 131 
360	9 
361	56 88 85 99 
362	16 
363	226 41 179 
364	152 
365	142 113 
366	61 
367	7 157 46 60 
368	150 98 99 
369	104 128 183 58 
370	165 113 64 49 
371	123 89 13 
372	24 221 222 
373	169 227 
374	223 84 
375	46 179 97 
376	140 129 228 46 
377	192 126 122 208 
378	207 183 58 
379	58 223 84 99 
380	114 41 20 
381	192 23 
382	83 33 170 
383	12 23 73 27 
384	44 126 168 26 
385	223 147 20 
386	130 63 229 
387	47 168 111 
388	183 55 218 
389	46 97 136 
390	84 172 134 135 
391	217 218 
392	52 53 
393	188 42 95 96 
394	213 
395	224 230 97 
396	160 161 34 
397	56 84 85 
398	44 129 188 95 
399	23 41 
400	45 84 96 
401	46 179 97 
402	101 157 199 
403	160 161 46 
404	52 53 
405	202 203 35 24 
406	151 231 176 224 155 
407	71 116 182 
408	208 109 
409	129 157 22 117 
410	152 142 220 33 
411	102 114 136 
412	71 189 17 25 
413	23 73 150 5 
414	147 119 
415	101 128 227 183 
416	130 53 13 54 
417	184 92 
418	37 232 162 150 
419	104 233 152 34 
420	76 77 97 86 87 
421	199 23 15 114 
422	101 188 157 94 
423	143 71 84 85 
424	3 227 12 33 
425	166 23 88 70 
426	84 85 103 
427	104 9 
428	129 188 46 
429	177 
430	140 182 
431	92 181 171 103 
432	160 161 46 
433	153 46 
434	107 135 175 
435	56 29 60 
436	160 161 234 
437	114 20 
438	123 140 129 88 201 
439	23 201 41 
440	81 58 139 
441	92 84 
442	13 
443	160 161 131 52 
444	216 189 225 33 
445	71 12 93 
446	166 186 23 83 
447	202 203 224 219 
448	123 177 172 
449	126 57 
450	129 160 161 
451	9 39 24 52 
452	46 53 109 54 
453	188 157 207 
454	223 56 84 85 
455	129 84 85 46 
456	207 183 223 
457	151 3 34 
458	72 193 40 52 
459	50 54 137 168 
460	37 84 85 103 
461	53 13 
462	98 208 
463	31 70 103 
464	226 37 168 187 
465	223 56 
466	48 37 99 
467	156 88 115 
468	58 37 
469	126 106 
470	162 113 109 
471	45 37 8 56 
472	162 150 155 
473	63 85 99 235 
474	8 98 84 
475	69 15 189 
476	89 84 85 
477	140 164 46 
478	167 152 9 33 
479	53 13 54 
480	209 
481	190 
482	53 13 54 
483	151 236 224 96 
484	12 52 53 13 
485	162 219 150 200 
486	92 196 180 146 
487	201 126 33 
488	140 45 153 146 
489	100 237 
490	62 23 88 
491	160 161 84 25 
492	208 84 85 
493	27 170 
494	115 126 73 109 
495	46 
496	88 
497	23 70 119 181 
498	207 183 
499	93 238 97 136 
500	9 93 103 41 
501	23 53 13 54 
502	41 
503	152 142 131 33 
504	188 157 75 219 
505	123 44 45 
506	18 220 170 
507	183 9 56 142 
508	18 187 
509	45 106 107 
510	44 143 18 111 
511	47 177 
512	143 236 215 34 
513	156 54 110 60 
514	23 239 41 
515	240 74 241 73 
516	126 92 5 
517	103 41 38 20 
518	52 109 
519	132 129 188 46 
520	62 41 
521	123 115 208 
522	102 207 152 168 
523	13 109 54 
524	236 71 213 33 
525	236 18 29 170 
526	53 13 109 
527	48 
528	212 45 18 170 
529	143 236 142 215 
530	44 215 
531	183 226 
532	106 98 208 
533	8 223 18 
534	48 12 
535	242 207 81 58 152 
536	149 136 26 
537	48 64 
538	71 103 220 170 
539	152 12 54 168 
540	41 20 
541	129 95 168 
542	89 231 208 85 
543	48 138 64 
544	188 42 46 
545	23 108 155 33 
546	76 132 84 85 
547	123 202 203 44 75 
548	3 196 180 146 
549	123 50 103 
550	143 50 131 34 
551	207 183 179 168 
552	134 135 220 
553	243 196 180 177 
554	132 129 188 46 
555	55 218 29 20 
556	145 23 231 46 
557	45 236 155 168 
558	129 71 189 176 
559	126 131 94 33 
560	56 106 98 
561	36 84 85 34 
562	44 23 229 
563	23 33 
564	123 104 94 
565	23 182 84 
566	123 100 167 
567	236 71 18 34 
568	44 152 25 
569	50 53 
570	44 181 168 111 
571	104 184 160 161 
572	223 147 84 51 
573	40 244 
574	123 151 
575	53 13 54 
576	123 44 152 126 
577	44 45 106 187 
578	5 245 220 114 
579	9 147 89 231 106 
580	3 152 94 187 
581	152 228 93 41 33 
582	76 152 106 179 187 
583	23 5 94 33 
584	64 
585	123 184 46 
586	102 2 152 
587	102 2 152 
588	102 65 38 32 
589	132 162 219 64 
590	88 33 
591	184 55 13 
592	56 
593	8 84 85 
594	101 128 7 
595	167 18 60 
596	152 106 98 
597	152 5 106 208 117 
598	184 140 129 45 
599	92 211 179 
600	44 140 142 46 
601	72 85 99 82 
602	62 126 170 
603	236 219 103 
604	44 45 142 106 
605	104 151 3 153 
606	92 96 
607	152 228 246 
608	45 106 117 170 
609	123 83 35 106 
610	9 117 103 41 
611	138 129 188 46 
612	138 81 58 64 
613	247 23 126 
614	9 24 
615	152 33 
616	152 33 187 
617	44 45 106 34 
618	83 93 
619	23 139 94 41 
620	81 183 58 
621	44 45 245 187 
622	142 94 33 
623	23 115 92 119 
624	152 93 41 33 
625	184 10 
626	236 213 221 93 
627	212 33 34 
628	152 126 93 187 
629	71 239 220 33 
630	44 106 98 52 
631	248 183 106 
632	102 168 170 
633	44 143 83 131 
634	192 106 208 117 
635	45 83 117 
636	45 83 106 117 
637	249 23 142 
638	123 98 135 
639	71 106 
640	152 165 163 18 
641	248 183 250 33 
642	3 233 165 
643	48 139 5 109 
644	219 64 34 
645	45 163 
646	166 106 93 170 
647	123 153 108 
648	167 22 
649	130 85 135 
650	45 106 117 
651	130 126 73 131 
652	44 45 23 
653	45 207 84 117 
654	123 128 44 152 
655	123 
656	248 220 
657	126 94 41 34 
658	88 106 107 
659	123 106 107 
660	152 94 106 179 
661	192 106 208 52 
662	207 23 53 54 
663	44 45 152 34 
664	167 218 9 
665	45 106 46 34 
666	44 71 75 
667	160 152 83 106 117 
668	11 71 84 187 
669	123 241 
670	44 45 106 187 
671	140 143 142 103 
672	45 162 144 117 
673	249 115 52 
674	29 33 
675	36 94 34 
676	152 50 106 41 
677	123 102 126 
678	23 201 190 94 
679	23 88 89 231 41 
680	123 44 34 
681	44 45 152 106 
682	83 108 33 
683	123 146 
684	101 44 140 45 111 
685	231 131 94 
686	23 165 220 33 
687	52 238 97 27 
688	23 142 5 94 
689	123 202 203 139 75 
690	213 93 53 
691	143 9 139 106 
692	152 52 53 
693	44 152 106 
694	44 143 165 131 
695	152 179 168 
696	167 152 9 106 
697	249 179 238 34 
698	45 189 164 106 
699	44 45 165 215 
700	151 152 153 5 
701	19 182 18 
702	152 9 1 106 
703	9 27 
704	31 152 
705	226 152 126 34 
706	166 25 33 96 
707	71 142 93 41 
708	114 41 111 
709	140 221 32 
710	221 181 33 168 
711	44 23 142 117 
712	9 5 106 117 
713	52 53 
714	37 152 94 41 187 
715	37 152 165 
716	52 27 
717	102 152 5 234 175 
718	236 92 18 29 
719	152 208 84 
720	48 88 
721	123 44 236 179 
722	52 53 34 
723	12 50 33 
724	44 45 152 
725	212 189 131 
726	130 37 33 168 
727	236 144 215 117 
728	102 93 
729	44 45 213 106 
730	202 203 201 18 
731	152 126 94 
732	243 167 236 18 
733	23 50 53 
734	23 65 33 168 
735	71 106 107 
736	152 5 
737	143 23 46 168 
738	37 23 
739	167 236 33 179 
740	236 115 92 18 
741	139 33 
742	44 163 5 
743	207 183 152 5 
744	48 22 201 
745	123 166 213 117 
746	152 106 107 34 
747	236 213 204 18 
748	212 102 18 187 
749	71 25 
750	215 208 
751	123 184 140 143 46 
752	44 45 34 
753	243 236 213 18 
754	123 209 117 
755	207 183 152 106 
756	9 18 170 
757	44 45 23 131 159 
758	152 
759	169 142 163 54 
760	19 45 83 46 
761	166 115 196 96 
762	143 236 18 96 
763	42 215 239 117 
764	249 23 228 18 
765	23 70 34 
766	151 236 213 215 
767	152 234 
768	94 221 93 
769	22 52 168 
770	115 83 18 
771	71 
772	3 152 50 39 
773	37 83 94 
774	207 228 20 33 
775	44 143 192 208 
776	217 52 
777	240 152 106 
778	24 155 33 
779	207 220 170 
780	207 83 18 
781	37 236 106 103 
782	123 37 236 96 
783	37 84 85 181 170 
784	89 94 
785	29 34 
786	102 249 106 34 
787	102 71 220 170 
788	236 245 96 
789	207 236 
790	44 152 46 111 
791	102 236 50 18 
792	152 155 
793	236 18 179 111 
794	19 236 89 251 
795	129 221 33 
796	100 45 152 106 117 
797	44 33 53 111 
798	236 71 106 251 
799	143 5 106 117 
800	123 143 152 34 
801	102 106 
802	152 52 
803	152 71 93 
804	8 9 208 
805	45 142 
806	44 45 142 
807	62 23 18 34 
808	71 33 111 
809	166 236 88 204 
810	213 131 219 
811	88 18 179 97 
812	140 236 18 
813	152 139 64 
814	143 236 142 215 
815	236 71 33 96 
816	44 45 187 
817	221 245 29 220 
818	71 126 18 229 
819	236 71 252 106 107 
820	250 93 103 
821	236 18 94 
822	45 
823	164 106 98 52 
824	169 3 143 165 
825	11 37 
826	236 190 94 220 
827	221 222 
828	236 50 215 
829	236 204 29 33 
830	181 168 
831	152 83 121 
832	193 40 
833	23 73 50 94 
834	102 106 208 159 
835	3 37 236 96 
836	44 236 215 
837	44 167 236 33 
838	123 143 236 252 18 
839	92 190 
840	102 94 93 187 
841	106 98 117 111 
842	169 3 106 
843	44 23 
844	217 106 98 
845	27 170 
846	123 236 
847	241 23 126 
848	9 220 33 
849	123 140 23 
850	94 29 220 187 
851	236 71 
852	143 106 107 93 
853	45 142 245 117 
854	220 
855	23 33 168 
856	123 143 236 34 
857	123 253 236 106 34 
858	236 96 
859	151 44 236 142 
860	123 236 153 93 
861	151 236 155 111 
862	44 236 18 34 
863	11 236 106 117 
864	201 126 29 187 
865	62 94 33 34 
866	160 53 
867	45 211 106 117 
868	104 157 183 46 
869	19 140 45 168 
870	140 152 5 
871	236 215 33 34 
872	37 236 22 50 
873	143 236 18 187 
874	130 126 114 179 
875	151 236 142 18 
876	151 236 142 18 
877	236 213 220 33 
878	102 236 245 34 
879	254 236 33 111 
880	143 236 246 18 
881	151 236 155 18 
882	236 163 18 96 
883	236 71 213 106 
884	236 142 220 33 
885	31 207 236 
886	236 182 33 111 
887	254 236 103 34 
888	44 207 236 93 
889	236 204 18 96 
890	37 236 71 
891	253 236 71 106 
892	236 1 
893	123 236 18 111 
894	37 236 215 34 
895	236 201 41 33 
896	236 92 215 111 
897	236 50 221 33 
898	236 88 92 215 
899	143 167 236 18 
900	167 236 139 18 
901	236 50 
902	123 236 
903	236 71 18 117 
904	236 204 221 96 
905	236 92 155 221 
906	253 236 201 144 215 
907	123 253 236 106 
908	151 253 236 142 
909	236 71 165 221 
910	253 236 142 215 33 
911	123 236 165 
912	37 236 71 215 
913	143 236 215 187 
914	207 236 71 96 
915	151 236 18 34 
916	236 18 111 
917	151 236 18 
918	236 50 164 94 
919	253 236 142 18 
920	44 236 215 
921	44 253 236 50 215 
922	236 88 33 111 
923	236 50 18 221 
924	151 236 144 220 
925	236 18 221 251 
926	236 18 221 111 
927	253 236 18 221 34 
928	143 236 106 
929	207 183 236 
930	143 236 252 23 98 
931	236 71 190 18 
932	143 236 165 18 
933	143 236 215 34 
934	37 236 23 144 
935	236 142 18 
936	123 236 215 111 
937	236 142 204 94 
938	236 18 221 96 
939	236 106 117 111 
940	123 151 236 34 
941	236 83 
942	236 92 144 
943	37 236 88 251 
944	236 204 18 251 
945	236 201 94 251 
946	236 83 215 220 
947	102 236 201 165 
948	143 236 201 205 
949	123 236 33 34 
950	207 236 1 
951	236 88 213 33 
952	123 236 144 245 
953	151 37 236 144 
954	236 220 54 34 
955	236 115 149 
956	44 236 18 111 
957	167 236 22 
958	236 215 251 175 
959	236 106 251 27 
960	151 143 236 190 
961	236 18 
962	44 236 71 34 
963	151 236 215 111 
964	11 236 94 111 
965	236 18 33 111 
966	236 201 215 
967	11 236 190 18 
968	236 18 117 187 
969	143 236 213 18 
970	243 236 50 18 
971	236 106 111 
972	236 23 18 34 
973	236 50 215 
974	236 92 93 96 
975	236 18 93 
976	254 236 164 18 
977	236 18 34 
978	151 253 236 190 
979	240 236 
980	236 190 18 168 
981	236 221 187 
982	143 236 252 18 
983	236 213 117 93 
984	167 236 155 103 
985	236 33 34 
986	143 236 213 18 
987	44 236 18 
988	236 163 5 34 
989	123 236 228 94 
990	236 83 106 117 
991	151 236 155 18 
992	151 236 144 34 
993	236 71 18 251 
994	207 236 33 111 
995	247 236 213 75 
996	143 236 215 
997	236 115 18 
998	123 236 50 18 
999	143 236 71 190 
1000	236 18 93 
1001	236 18 33 34 
1002	151 236 33 
1003	11 44 236 
1004	123 236 18 221 
1005	123 236 213 94 
1006	143 236 213 18 
1007	236 89 106 84 245 
1008	236 252 245 
1009	236 23 5 
1010	236 83 18 220 
1011	236 92 18 103 
1012	236 18 33 34 
1013	123 143 236 
1014	202 203 236 219 
1015	102 236 213 94 
1016	236 92 165 204 
1017	123 44 236 165 
1018	243 236 252 18 
1019	167 236 71 
1020	143 236 50 18 
1021	253 236 165 215 
1022	44 236 50 18 
1023	236 224 221 
1024	69 
1025	37 236 144 245 
1026	236 23 245 33 
1027	143 236 213 215 
1028	236 71 33 111 
1029	123 143 236 18 
1030	236 211 103 111 
1031	167 236 18 33 
1032	236 213 94 221 
1033	236 142 92 
1034	37 236 252 18 220 
1035	102 236 213 93 
1036	143 236 50 18 
1037	236 213 18 
1038	236 71 190 18 
1039	143 236 33 111 
1040	236 215 34 
1041	236 117 220 
1042	236 18 103 33 
1043	243 236 18 34 
1044	229 175 
1045	19 44 236 34 
1046	236 18 96 
1047	236 50 18 
1048	102 236 94 111 
1049	236 71 50 
1050	44 236 71 252 220 
1051	207 236 33 34 
1052	236 33 187 
1053	19 236 71 18 
1054	236 142 181 33 
1055	143 236 215 181 
1056	236 164 10 179 
1057	236 71 215 
1058	236 139 215 220 
1059	236 213 18 220 
1060	104 102 236 
1061	236 221 33 
1062	236 165 18 29 
1063	236 50 215 
1064	236 71 165 215 
1065	151 236 92 179 
1066	236 92 
1067	123 236 204 
1068	236 215 187 
1069	236 50 18 103 
1070	123 143 236 
1071	19 236 213 18 
1072	44 236 18 
1073	243 236 252 18 111 
1074	243 236 33 
1075	37 236 252 213 33 
1076	236 18 
1077	236 213 18 245 
1078	123 236 50 93 
1079	44 37 236 165 
1080	123 236 33 
1081	123 236 18 96 
1082	207 236 18 96 
1083	253 236 165 106 
1084	236 71 33 34 
1085	236 23 94 34 
1086	37 236 71 252 18 
1087	123 236 83 18 
1088	236 71 213 18 
1089	123 236 71 111 
1090	236 213 18 
1091	236 18 96 
1092	44 236 18 111 
1093	151 236 71 50 
1094	236 215 33 
1095	151 143 236 18 
1096	236 71 18 220 
1097	143 236 18 
1098	123 236 213 18 
1099	151 236 171 111 
1100	152 114 
1101	143 236 164 18 
1102	236 92 18 
1103	236 18 117 34 
1104	236 18 245 
1105	151 44 236 190 
1106	202 203 166 236 34 
1107	45 236 94 41 
1108	236 213 94 33 
1109	140 236 22 33 
1110	62 236 111 
1111	213 53 13 
1112	236 
1113	123 165 204 215 
1114	44 45 236 50 
1115	236 
1116	11 236 23 50 
1117	123 93 
1118	256 257 259 260 259 
1119	261 262 263 265 
1120	267 268 269 270 
1121	271 259 270 273 259 
1122	274 274 275 276 277 278 
1123	272 281 283 259 259 
1124	280 269 262 270 
1125	280 293 295 296 
1126	298 270 273 299 300 
1127	302 303 295 263 
1128	303 259 270 272 259 
1129	269 289 306 
1130	307 308 270 273 310 
1131	311 313 258 314 
1132	318 261 319 320 
1133	272 312 270 321 285 
1134	322 324 259 326 273 259 
1135	327 303 327 330 326 330 
1136	272 271 276 331 
1137	332 259 325 258 259 
1138	334 335 336 337 
1139	274 271 274 338 275 258 
1140	340 327 341 330 327 330 
1141	327 281 330 327 277 330 
1142	344 288 345 346 
1143	306 289 272 349 
1144	350 351 352 353 355 
1145	357 357 325 358 359 
1146	360 361 363 364 
1147	365 368 369 
1148	340 328 371 
1149	373 375 278 291 
1150	376 297 377 378 
1151	293 345 276 259 259 
1152	298 289 270 259 259 
1153	311 303 380 381 
1154	383 273 385 
1155	274 387 274 275 276 
1156	302 306 276 388 359 
1157	389 390 391 315 316 
1158	393 297 395 
1159	397 398 399 
1160	401 298 295 270 
1161	272 401 298 264 
1162	402 403 403 404 404 405 
1163	403 403 406 407 408 408 
1164	332 298 270 260 
1165	257 414 414 258 416 416 
1166	271 284 418 314 
1167	419 415 329 404 404 
1168	311 384 420 277 
1169	389 292 346 315 316 
1170	393 255 421 264 
1171	387 264 326 400 
1172	389 425 325 330 330 
1173	427 428 359 309 
1174	292 429 430 377 
1175	431 389 391 377 352 
1176	433 434 435 
1177	311 313 346 316 315 
1178	361 437 438 
1179	389 439 442 
1180	419 282 415 444 
1181	445 364 316 447 
1182	448 280 449 264 
1183	274 274 338 275 450 449 
1184	267 384 338 451 
1185	276 450 259 260 259 
1186	280 266 454 341 
1187	269 306 346 283 
1188	456 457 459 
1189	460 302 281 330 330 
1190	311 462 
1191	464 466 467 
1192	469 470 471 472 286 
1193	362 473 294 295 473 
1194	475 296 309 477 
1195	274 293 274 338 453 478 
1196	266 454 303 464 479 
1197	272 327 293 330 327 330 
1198	272 480 413 260 
1199	481 
1200	389 446 482 377 
1201	386 346 418 483 
1202	272 261 377 315 316 
1203	302 441 439 485 
1204	306 486 
1205	272 393 430 443 
1206	441 439 304 453 
1207	488 489 420 273 
1208	261 455 476 398 
1209	308 326 462 490 310 
1210	491 492 492 493 494 300 
1211	305 429 
1212	497 498 384 499 
1213	272 327 282 330 327 330 
1214	448 500 
1215	502 504 
1216	327 330 327 505 330 
1217	327 347 304 327 326 
1218	497 384 258 381 
1219	506 493 297 316 507 
1220	469 470 329 509 
1221	288 388 510 359 
1222	376 377 
1223	457 274 274 421 406 404 404 
1224	511 455 479 315 316 
1225	391 455 476 510 
1226	512 281 282 513 
1227	327 330 327 276 315 316 330 
1228	308 272 273 490 
1229	515 516 383 346 
1230	389 506 476 418 315 316 
1231	327 330 327 299 388 330 300 
1232	257 517 404 404 
1233	268 293 276 418 
1234	518 519 
1235	468 521 509 522 523 
1236	503 347 325 330 330 
1237	475 377 443 
1238	473 294 264 473 407 
1239	333 271 526 527 
1240	511 439 426 416 416 
1241	271 528 450 529 
1242	327 330 327 273 443 330 
1243	498 414 414 297 381 
1244	280 298 257 273 
1245	505 335 
1246	332 533 264 258 
1247	280 534 535 512 
1248	386 389 292 
1249	539 441 540 541 542 
1250	386 280 544 271 
1251	445 515 545 545 492 492 
1252	292 546 333 495 
1253	539 
1254	327 476 297 330 327 330 
1255	387 384 380 452 
1256	274 334 274 276 263 
1257	393 462 443 
1258	550 551 273 552 
1259	553 453 377 555 
1260	441 334 415 453 
1261	261 362 556 352 
1262	439 442 
1263	403 403 557 399 
1264	280 517 557 558 
1265	459 384 398 
1266	386 452 499 377 
1267	464 314 559 
1268	333 498 399 
1269	281 455 430 330 330 
1270	473 498 384 398 473 
1271	289 326 560 352 
1272	386 304 492 492 
1273	344 391 482 316 315 
1274	419 524 476 514 
1275	345 384 270 326 
1276	517 406 563 405 
1277	564 565 566 
1278	304 559 
1279	449 276 326 359 
1280	292 502 464 401 
1281	403 403 406 404 405 404 
1282	544 504 276 263 
1283	323 304 567 337 
1284	502 327 568 327 330 330 
1285	570 515 430 300 
1286	303 498 499 398 
1287	274 298 274 289 275 315 316 
1288	500 364 377 
1289	571 414 414 572 
1290	440 264 
1291	361 302 306 276 
1292	573 574 398 272 
1293	576 362 257 335 
1294	327 577 330 327 330 
1295	579 572 
1296	389 271 346 315 316 
1297	274 489 274 384 581 
1298	288 257 270 400 
1299	280 272 504 309 
1300	456 481 486 
1301	583 269 273 
1302	292 296 400 260 
1303	584 367 255 548 
1304	585 486 437 
1305	544 306 259 358 259 
1306	384 486 587 437 388 
1307	386 298 425 325 
1308	389 268 473 425 473 
1309	304 263 395 449 
1310	588 308 330 330 310 
1311	435 505 
1312	327 255 415 330 327 330 
1313	274 274 517 455 404 589 404 
1314	590 288 591 358 
1315	311 476 418 
1316	449 303 306 259 259 
1317	431 537 593 509 
1318	594 569 453 316 315 
1319	295 364 358 260 
1320	393 304 421 258 
1321	401 270 259 259 286 
1322	425 330 259 409 330 259 
1323	386 259 270 401 259 
1324	460 503 413 379 300 
1325	517 415 404 404 
1326	561 544 271 263 
1327	298 376 276 315 316 
1328	325 416 597 355 416 
1329	386 280 259 449 259 
1330	501 256 504 263 
1331	292 598 441 270 
1332	259 556 600 273 259 
1333	362 395 601 
1334	603 479 316 
1335	329 430 453 555 
1336	525 443 
1337	372 485 
1338	412 546 534 284 
1339	550 271 281 330 330 
1340	570 386 372 364 300 
1341	280 293 303 528 
1342	533 281 449 259 259 
1343	270 259 520 259 
1344	302 413 610 260 
1345	344 475 441 391 
1346	590 259 276 611 259 
1347	457 403 403 499 406 330 330 
1348	475 481 486 551 
1349	269 384 452 504 
1350	270 284 259 349 259 
1351	573 510 
1352	535 557 504 404 
1353	327 274 274 306 384 327 
1354	397 326 614 321 285 
1355	311 592 258 418 
1356	615 304 370 
1357	410 592 401 450 
1358	419 476 297 354 
1359	465 466 
1360	570 389 304 617 
1361	618 375 
1362	535 426 557 558 
1363	302 439 442 422 
1364	458 558 
1365	403 403 459 315 
1366	288 362 294 335 
1367	274 274 406 405 408 408 
1368	502 332 313 259 259 
1369	332 306 259 396 259 
1370	623 605 534 298 
1371	305 288 271 418 
1372	386 625 298 270 
1373	384 585 574 437 
1374	627 
1375	534 289 306 296 
1376	425 415 281 330 330 
1377	535 324 325 330 330 
1378	403 403 517 404 278 404 
1379	327 362 293 330 327 330 
1380	327 362 330 327 284 330 
1381	628 328 377 595 
1382	394 264 336 339 
1383	446 516 482 278 
1384	629 390 630 420 377 
1385	512 264 627 260 
1386	267 413 421 509 
1387	303 324 633 326 
1388	634 399 606 
1389	544 383 395 418 
1390	590 256 264 358 
1391	391 529 510 
1392	362 439 479 635 273 
1393	636 441 300 
1394	304 391 315 316 
1395	637 272 336 638 
1396	639 397 398 399 552 
1397	630 387 259 273 259 
1398	486 587 595 509 
1399	293 544 289 421 
1400	517 404 600 404 355 522 
1401	327 327 330 443 330 
1402	325 270 640 259 259 
1403	451 641 380 
1404	393 414 414 336 638 
1405	269 345 324 270 
1406	390 452 642 420 
1407	516 298 263 264 
1408	643 389 515 530 
1409	481 486 587 496 
1410	403 403 404 326 259 404 259 
1411	645 439 
1412	356 606 510 
1413	304 270 259 349 259 
1414	536 338 277 626 
1415	508 281 330 505 330 
1416	489 413 330 330 
1417	390 312 381 
1418	451 308 462 490 310 
1419	446 288 277 259 259 
1420	287 255 297 377 
1421	588 292 270 381 
1422	403 403 408 405 408 
1423	303 498 381 
1424	384 481 486 452 
1425	470 
1426	512 330 315 316 330 354 
1427	441 430 284 453 
1428	503 347 421 364 
1429	268 293 257 346 
1430	292 270 626 648 
1431	646 
1432	422 649 420 321 285 
1433	647 470 529 
1434	523 
1435	651 289 451 276 
1436	481 500 486 587 
1437	435 439 264 
1438	506 296 297 277 
1439	266 311 346 418 
1440	347 653 
1441	274 274 473 626 259 473 259 
1442	646 
1443	294 306 326 655 
1444	382 658 331 494 
1445	651 534 384 450 
1446	571 572 
1447	362 383 264 335 
1448	255 315 316 
1449	403 403 459 406 
1450	501 516 257 532 
1451	389 607 533 575 
1452	289 306 256 660 
1453	274 274 556 283 259 259 
1454	591 303 257 453 
1455	365 292 525 
1456	327 633 330 327 661 330 
1457	305 403 403 459 
1458	305 397 399 
1459	393 276 532 284 
1460	389 457 406 330 330 
1461	311 390 482 462 
1462	564 663 
1463	412 334 429 399 388 
1464	281 493 565 555 
1465	534 454 294 335 
1466	605 440 665 443 
1467	413 479 377 443 
1468	666 667 
1469	669 645 315 316 
1470	384 451 437 462 
1471	386 292 572 
1472	561 403 403 459 406 
1473	503 558 
1474	304 295 296 259 259 
1475	518 315 316 
1476	672 436 273 673 
1477	389 529 316 
1478	442 370 341 675 595 
1479	311 327 403 403 327 315 
1480	288 259 295 400 259 
1481	274 274 276 277 401 
1482	389 313 377 401 
1483	504 377 
1484	459 606 443 285 300 
1485	382 368 276 346 
1486	524 475 383 678 
1487	679 305 281 330 330 
1488	292 401 255 453 
1489	410 269 504 296 
1490	377 
1491	592 330 326 510 330 
1492	582 677 353 523 
1493	411 425 506 513 
1494	401 303 425 270 
1495	292 391 
1496	684 506 476 297 364 
1497	323 289 270 259 259 
1498	306 384 326 277 
1499	397 685 634 686 
1500	609 506 325 296 297 
1501	431 412 687 297 377 
1502	289 326 640 478 359 
1503	276 450 259 513 259 
1504	268 426 450 259 259 
1505	281 415 430 330 330 
1506	280 596 439 440 
1507	440 606 595 
1508	501 334 689 565 510 
1509	605 534 256 330 330 
1510	455 282 330 277 330 
1511	317 390 421 427 
1512	403 403 557 517 476 408 408 
1513	391 314 462 
1514	451 654 452 352 
1515	604 270 263 350 
1516	386 415 449 277 
1517	586 352 
1518	419 302 441 297 
1519	327 437 330 327 316 330 342 
1520	271 306 276 556 
1521	561 330 379 330 371 
1522	570 313 259 401 259 
1523	561 329 558 300 
1524	692 432 513 478 
1525	274 401 274 270 529 
1526	271 380 452 
1527	459 406 558 510 
1528	274 274 324 498 384 
1529	302 442 694 627 
1530	303 276 272 259 259 
1531	590 269 261 275 496 
1532	413 304 450 655 
1533	324 257 264 283 478 
1534	435 618 364 264 
1535	562 455 476 329 565 
1536	390 301 381 283 
1537	366 288 582 
1538	306 381 420 427 
1539	562 296 329 648 
1540	306 450 273 260 
1541	389 327 330 327 352 330 
1542	301 528 600 273 
1543	287 324 585 
1544	641 654 697 
1545	269 288 414 315 316 
1546	292 401 425 695 
1547	389 393 504 
1548	699 557 281 558 
1549	419 480 425 325 
1550	307 308 496 490 310 
1551	549 315 316 
1552	454 493 579 
1553	544 383 289 473 473 
1554	340 368 540 542 371 
1555	261 372 263 321 285 
1556	582 517 404 404 359 
1557	583 679 483 601 
1558	274 449 274 259 339 259 
1559	700 524 347 599 
1560	401 334 270 259 259 
1561	535 403 403 557 404 404 300 
1562	327 269 281 330 327 330 
1563	367 258 559 606 
1564	305 274 293 274 275 273 
1565	305 315 316 509 
1566	701 293 
1567	255 370 321 
1568	270 335 314 559 
1569	702 435 
1570	276 528 400 259 259 
1571	625 272 259 349 259 
1572	288 276 277 309 
1573	334 473 295 473 260 
1574	422 703 499 272 
1575	350 527 352 
1576	389 329 529 494 
1577	403 403 551 703 557 
1578	276 589 259 359 259 
1579	662 579 705 
1580	270 589 405 
1581	384 573 574 398 
1582	410 267 446 591 
1583	561 387 345 264 
1584	298 270 276 259 259 
1585	512 257 270 556 
1586	356 271 499 696 346 
1587	306 384 573 597 
1588	327 269 345 330 327 330 
1589	536 419 415 329 
1590	651 257 486 587 
1591	498 397 399 
1592	380 452 482 664 
1593	426 517 558 377 388 
1594	360 674 580 506 329 
1595	272 333 393 273 
1596	498 397 399 
1597	345 270 276 259 259 
1598	292 311 706 446 
1599	274 274 338 707 600 299 
1600	327 455 281 330 327 330 
1601	516 463 441 271 
1602	305 323 264 453 388 
1603	261 535 425 416 416 
1604	604 
1605	308 270 330 330 310 
1606	308 325 455 330 330 310 
1607	457 403 403 406 404 404 
1608	512 324 528 531 
1609	324 384 634 686 
1610	454 464 352 708 
1611	590 274 298 274 259 259 
1612	419 324 281 415 
1613	390 482 427 510 
1614	389 288 335 314 
1615	259 313 455 272 259 
1616	403 403 281 276 259 259 
1617	332 383 624 473 473 
1618	544 504 258 259 259 
1619	280 305 293 345 
1620	504 
1621	384 481 587 709 
1622	561 459 443 
1623	327 324 330 327 273 330 
1624	498 398 453 273 
1625	707 325 330 352 330 
1626	302 257 449 510 
1627	362 535 281 282 
1628	710 352 710 552 
1629	561 453 
1630	498 399 315 316 595 
1631	573 646 262 621 
1632	311 423 381 510 
1633	590 464 281 479 
1634	517 557 558 299 
1635	535 517 557 329 404 404 
1636	288 276 259 682 259 
1637	498 397 399 316 
1638	458 476 558 
1639	306 414 278 
1640	306 380 452 
1641	615 257 579 529 
1642	532 377 
1643	305 303 270 259 259 
1644	384 486 587 388 309 
1645	713 391 346 331 
1646	588 386 455 330 330 
1647	403 403 270 408 405 408 
1648	384 476 326 
1649	445 562 455 477 
1650	681 306 533 284 
1651	311 325 346 352 
1652	280 625 270 600 
1653	289 281 358 418 626 
1654	272 327 455 330 327 330 
1655	389 530 557 558 
1656	539 441 439 306 
1658	288 401 298 263 
1659	306 557 558 
1660	401 414 414 395 285 286 
1661	645 624 414 414 482 
1662	534 288 376 358 
1663	532 409 350 352 
1664	292 446 387 507 
1665	436 295 364 479 
1666	433 368 362 
1667	403 403 459 541 406 
1668	498 574 
1669	651 534 574 
1670	269 270 600 259 259 
1671	269 421 281 330 330 
1672	415 482 507 
1673	717 606 300 
1674	280 384 437 299 
1675	311 489 437 381 388 
1676	347 532 358 
1677	311 592 384 315 316 
1678	292 311 446 670 
1679	718 292 719 707 543 
1680	446 315 316 
1681	476 297 548 
1682	536 646 697 664 
1683	458 426 558 
1684	628 721 436 272 
1685	307 499 282 595 
1686	394 325 415 444 
1687	593 722 540 723 348 
1688	455 320 507 
1689	473 403 403 473 259 661 259 
1690	376 258 272 418 
1691	492 492 557 404 417 404 
1692	383 313 473 473 315 316 
1693	489 585 574 486 
1694	706 578 407 682 
1695	386 725 307 
1696	327 303 297 330 327 330 
1698	620 412 671 726 
1699	588 270 330 330 727 
1700	298 270 272 352 
1701	327 270 327 276 
1702	489 728 282 329 
1703	306 451 313 282 
1704	387 345 270 259 259 
1705	517 415 404 510 404 
1706	386 528 600 259 259 
1707	323 334 270 263 
1708	274 322 591 274 275 273 
1709	419 327 403 403 297 327 
1710	313 263 626 259 259 
1711	393 256 518 526 
1712	713 527 
1713	729 729 330 586 462 330 
1714	460 504 258 272 
1715	257 487 260 
1716	460 403 403 406 404 404 
1717	457 406 408 408 359 
1718	261 306 263 258 
1719	271 465 466 
1720	411 391 281 453 
1721	382 311 391 346 
1722	401 295 277 359 
1723	650 
1724	281 277 259 595 259 
1725	339 298 306 
1726	492 492 453 731 
1727	469 732 470 511 
1728	733 586 
1729	512 259 330 276 330 259 
1730	305 298 415 259 259 
1731	439 510 
1732	679 687 523 353 
1733	262 381 346 352 
1734	502 626 259 396 259 
1735	415 565 566 
1736	329 404 595 300 477 404 
1737	705 
1738	313 640 259 309 259 
1739	401 304 364 395 
1740	306 270 482 420 
1741	280 449 255 259 259 
1742	387 271 306 270 
1743	605 293 364 529 
1744	327 628 330 327 513 330 
1745	288 418 315 316 336 
1746	305 377 315 316 
1747	267 306 467 273 
1748	482 381 
1749	332 306 384 338 
1750	579 595 
1751	361 295 263 600 
1752	404 655 284 405 404 
1753	327 325 330 327 273 330 
1754	386 298 304 272 
1755	623 419 605 413 
1756	397 685 634 686 399 
1757	366 368 530 635 
1758	255 413 270 330 330 
1759	735 321 342 337 
1760	360 280 453 315 316 
1761	456 593 459 380 406 
1762	375 466 579 
1763	332 298 289 259 259 
1764	446 498 256 398 
1765	737 448 545 545 259 259 
1766	386 288 425 600 
1767	327 345 426 330 327 330 
1768	272 403 403 425 315 316 
1769	272 529 336 401 
1770	539 592 306 443 
1771	439 548 285 
1772	298 289 626 259 259 
1773	311 739 518 284 
1774	512 582 401 337 
1775	312 436 257 304 400 
1776	292 498 384 398 
1777	439 442 492 492 
1778	298 289 306 346 
1779	511 504 579 529 
1780	459 517 406 281 321 
1781	645 393 426 479 
1782	562 506 455 493 510 
1783	389 564 290 
1784	469 536 740 517 
1785	327 460 473 276 330 327 473 330 
1786	393 304 425 335 
1787	457 406 270 404 404 
1788	647 459 406 529 
1789	403 403 557 270 404 388 404 
1790	292 255 482 377 
1791	473 426 473 314 449 
1792	441 284 529 443 286 
1793	569 334 518 330 330 
1794	449 306 276 259 259 
1795	255 257 276 640 
1796	393 508 
1797	439 442 432 742 
1798	390 452 696 649 
1799	311 341 418 315 316 
1800	628 269 413 284 259 259 
1801	489 437 
1802	280 284 346 349 
1803	403 403 256 273 315 316 
1804	412 333 383 346 
1805	373 519 270 330 330 
1806	311 390 492 492 391 
1807	714 713 426 485 
1808	519 517 404 278 404 
1809	403 403 259 270 640 259 
1810	292 269 425 409 
1811	724 439 260 265 
1812	445 419 324 415 
1813	459 517 282 406 371 
1814	460 557 517 404 273 404 
1815	288 401 352 359 
1816	570 274 274 640 259 259 
1817	419 628 297 260 
1818	684 386 544 259 259 
1819	573 574 308 437 388 
1820	322 304 260 337 
1821	692 569 304 624 
1822	292 452 
1823	384 486 587 452 
1824	561 443 359 
1825	457 459 557 430 300 
1826	476 281 330 330 
1827	269 702 645 315 316 
1828	746 506 476 296 297 
1829	544 345 259 352 259 
1830	361 269 308 346 310 
1831	292 591 735 277 
1832	272 294 289 336 
1833	628 302 450 513 
1834	360 460 302 415 
1835	713 549 741 354 
1836	287 466 398 
1837	474 255 295 330 330 
1838	280 625 322 295 388 
1839	590 295 600 444 
1840	332 303 294 295 
1841	387 660 284 449 
1842	386 305 387 
1843	311 418 748 670 
1844	274 274 324 338 275 275 626 
1845	577 661 
1846	272 347 421 377 
1847	311 452 308 259 310 259 
1848	591 270 509 742 
1849	549 376 377 
1850	255 403 403 270 259 259 
1851	372 338 277 
1852	418 260 
1853	293 338 307 308 
1854	276 277 626 259 259 
1855	588 522 509 291 523 388 
1856	401 259 276 600 259 
1857	456 457 288 406 408 408 
1858	457 439 441 403 403 517 
1859	516 603 463 345 
1860	454 341 346 314 
1861	261 333 259 610 259 
1862	281 330 277 453 330 
1863	535 334 345 259 259 
1864	364 749 
1865	449 476 326 354 
1866	274 303 274 276 272 
1867	515 530 543 
1868	274 274 624 272 273 
1869	686 270 510 
1870	473 270 473 528 259 259 
1871	591 453 626 260 
1872	489 384 273 377 
1873	403 403 426 
1874	288 473 256 473 401 
1875	274 534 274 289 259 259 
1876	311 714 350 
1877	448 482 
1878	268 600 352 309 
1879	564 455 477 
1880	593 403 403 380 408 408 
1881	725 461 391 272 
1882	274 512 274 259 275 272 259 
1883	272 625 289 263 
1884	387 534 506 415 329 
1885	530 425 708 309 
1886	316 648 388 
1887	383 473 473 449 259 300 259 
1888	561 607 659 569 385 
1889	562 752 722 455 282 
1890	512 384 
1891	424 345 295 364 
1892	261 270 276 640 
1893	625 274 274 426 273 
1894	637 665 418 715 753 
1895	403 306 403 558 299 510 
1896	718 523 353 472 509 755 
1897	383 529 510 507 
1898	268 294 633 264 
1899	292 269 401 512 
1900	390 654 482 689 
1901	592 429 462 
1902	393 314 487 462 
1903	288 293 255 295 
1904	645 439 635 595 
1905	582 364 264 377 
1906	367 568 413 
1907	561 292 368 479 
1908	449 259 263 321 342 259 
1909	524 603 303 295 
1910	721 577 627 
1911	384 358 
1912	650 
1913	384 481 486 
1914	457 373 557 558 388 
1915	389 515 530 430 
1916	718 562 455 277 354 
1917	268 303 375 259 259 
1918	718 509 472 523 
1919	301 397 399 
1920	327 293 330 327 352 330 
1921	446 326 315 316 
1922	288 712 299 260 388 
1923	323 304 453 388 359 
1924	733 591 726 757 
1925	397 
1926	457 406 476 408 408 
1927	758 631 759 371 
1928	642 510 
1929	324 270 273 260 388 
1930	344 630 
1931	720 738 439 440 
1932	760 325 558 
1933	470 564 271 529 
1934	386 597 513 
1935	389 391 
1936	276 381 462 359 
1937	406 330 299 300 408 408 330 
1938	575 364 542 
1939	272 261 544 289 284 
1940	269 303 281 430 
1941	327 376 325 330 327 330 
1942	327 362 330 327 761 330 
1943	280 441 264 358 
1944	536 535 529 291 
1945	386 270 600 259 259 
1946	327 271 329 327 330 330 
1947	311 313 346 
1948	561 368 425 476 
1949	512 585 476 437 
1950	345 722 540 557 404 404 
1951	592 533 465 505 
1952	323 517 276 408 408 
1953	403 403 405 408 408 
1954	561 436 371 
1955	280 441 359 
1956	390 350 658 527 
1957	457 551 406 300 408 408 
1959	393 304 394 
1960	763 591 413 730 
1962	304 658 
1963	308 273 339 310 
1964	380 696 352 355 
1965	606 385 595 300 
1966	485 350 351 352 
1967	270 600 259 396 259 
1968	564 706 439 
1969	292 529 277 309 
1970	401 473 473 265 320 
1971	271 707 606 343 
1972	766 525 516 592 
1973	628 582 262 548 
1974	536 279 580 506 297 
1975	486 309 285 310 
1976	530 285 309 321 
1977	298 289 296 259 259 259 
1978	340 595 
1979	489 593 384 
1980	387 288 455 297 
1981	713 518 348 552 
1982	503 375 
1983	306 509 
1984	292 302 358 309 
1985	637 715 648 638 
1986	453 377 
1987	623 403 403 256 330 330 
1988	268 258 264 400 
1989	564 514 443 
1990	717 332 288 496 
1991	767 768 
1992	590 313 346 315 316 
1993	455 330 277 259 330 259 
1994	525 539 479 627 
1995	361 327 455 327 330 330 
1996	401 499 394 600 
1997	651 338 308 490 310 
1998	360 279 582 514 
1999	403 403 557 517 406 408 408 
2000	476 330 400 260 330 
2001	590 306 283 273 
2002	393 315 371 
2003	403 403 325 455 330 330 
2004	561 530 259 556 259 
2005	460 486 587 286 
2006	515 547 463 
2007	298 272 273 401 
2008	769 676 414 414 505 
2009	403 403 459 406 612 
2010	498 398 556 600 273 
2011	274 387 274 275 273 316 
2012	319 324 338 508 
2013	591 377 
2014	292 261 651 534 314 
2015	643 770 718 316 
2016	439 440 589 
2017	306 545 545 744 744 551 
2018	435 312 582 359 
2019	518 482 355 522 
2021	274 269 512 274 338 
2022	460 653 771 496 
2023	582 533 369 
2024	387 455 281 282 
2025	562 506 455 297 
2026	389 412 333 271 377 
2027	389 288 377 510 
2028	269 640 273 259 259 
2029	445 458 558 
2031	574 455 263 614 
2032	628 377 745 677 
2033	426 452 325 482 
2034	403 403 557 558 315 316 
2035	305 772 
2036	395 283 
2037	386 425 325 330 330 
2038	749 606 299 510 
2039	403 403 506 415 329 278 
2040	412 298 384 
2041	773 774 453 522 355 
2042	327 717 270 327 260 
2043	327 270 327 610 260 
2044	387 308 437 258 310 
2045	534 281 476 626 
2046	744 744 654 
2047	775 549 683 
2048	587 486 330 595 330 
2049	289 707 259 359 259 
2050	305 557 558 496 
2051	271 518 
2052	280 532 542 
2053	327 707 330 327 260 330 
2054	549 359 
2055	255 276 284 259 259 
2056	603 364 260 
2057	532 285 
2058	720 290 325 259 278 259 
2059	315 316 522 342 
2060	607 418 
2061	669 387 778 
2062	418 683 315 316 566 
2063	480 660 258 670 736 
2064	311 745 683 409 670 
2065	501 779 406 612 
2066	305 296 
2067	512 294 257 364 
2068	637 589 638 522 
2069	561 457 373 558 
2070	535 263 416 449 416 
2071	516 314 
2072	430 265 
2073	274 345 274 276 259 259 
2074	592 296 415 443 
2075	389 515 
2076	274 288 274 277 259 259 
2077	304 257 358 418 
2078	445 707 566 
2079	564 
2080	582 479 765 354 
2081	283 284 514 336 
2082	535 288 400 528 
2083	530 393 635 648 
2084	403 403 282 415 
2085	549 
2086	634 399 388 359 
2087	281 455 377 
2088	634 780 499 781 
2089	306 451 308 277 
2090	327 747 752 330 327 277 330 
2091	257 400 273 259 259 
2092	546 440 416 443 416 
2093	272 457 403 403 557 517 404 404 
2094	446 544 289 259 259 
2095	311 391 346 
2096	384 654 437 670 
2097	289 270 259 782 259 
2098	702 530 321 285 
2099	605 476 415 477 
2100	568 302 582 755 
2101	425 557 517 341 404 404 
2102	516 542 
2103	271 455 449 259 259 
2104	645 403 403 406 
2105	386 293 450 259 259 
2106	272 397 296 
2107	293 384 452 381 
2108	303 276 346 315 316 
2109	383 376 335 608 
2110	539 392 565 316 494 
2111	481 486 316 
2112	288 335 314 559 
2113	562 455 297 416 416 
2114	446 459 406 278 
2115	292 256 258 600 
2116	445 456 459 406 
2117	498 499 270 398 
2118	534 391 263 291 
2119	647 509 523 353 
2120	718 470 784 
2121	517 281 329 558 
2122	451 654 452 352 
2123	255 492 492 557 404 404 
2124	460 325 270 352 
2125	311 376 
2126	403 289 403 270 259 259 
2127	327 341 476 330 327 330 
2128	676 329 558 
2129	389 535 271 527 
2130	564 515 264 
2131	292 418 565 
2132	305 557 329 558 
2133	272 274 274 275 528 388 
2134	607 460 545 545 354 
2135	729 729 642 559 339 
2136	391 259 315 278 316 259 
2137	345 413 442 414 414 
2138	292 298 257 270 
2139	401 258 272 349 
2140	393 362 303 264 
2141	272 498 276 626 259 259 
2142	362 270 276 263 
2143	327 535 707 330 327 330 
2144	255 270 276 259 259 
2145	569 377 621 757 
2146	255 485 350 351 
2147	303 308 276 299 
2148	389 403 403 557 404 388 404 
2149	279 517 557 329 404 404 
2150	439 441 283 
2151	382 311 325 352 
2152	454 426 
2153	289 294 600 272 
2154	564 481 486 
2155	384 276 528 277 
2156	301 258 326 381 
2157	386 377 417 309 
2158	294 304 270 326 
2159	338 329 326 
2160	582 401 295 450 
2161	517 557 558 
2162	535 450 273 401 
2163	454 282 281 455 
2164	418 
2165	401 263 395 479 
2166	501 741 497 364 
2167	287 591 426 395 
2168	606 300 
2169	561 393 298 559 
2170	459 406 315 316 
2171	321 
2172	439 440 
2173	386 391 276 381 
2174	261 401 259 276 259 
2175	456 457 255 459 
2176	274 274 289 358 359 
2177	306 573 574 326 
2178	393 347 
2179	296 329 600 555 
2180	332 303 276 346 
2181	413 326 
2182	269 449 270 259 259 
2183	398 399 552 
2184	368 562 476 329 579 
2185	274 269 274 330 273 330 
2186	419 327 327 284 315 316 
2187	516 287 550 415 
2188	389 515 384 654 
2189	269 533 358 260 
2190	271 304 558 
2191	256 749 753 
2192	534 306 391 263 
2194	287 312 534 624 
2195	274 473 274 289 473 339 
2196	272 269 345 304 
2197	426 259 703 510 259 
2198	660 559 
2199	327 384 486 327 326 315 316 
2200	703 313 341 
2201	481 486 587 
2202	498 384 381 315 316 
2203	431 391 414 377 
2204	425 504 263 352 
2205	506 451 262 329 565 
2206	403 403 397 399 
2207	327 325 330 327 277 330 371 
2208	272 298 306 276 
2209	271 259 455 640 259 
2210	345 295 418 285 321 
2211	426 774 551 
2212	775 539 432 
2213	434 292 645 315 316 
2214	292 442 505 443 
2215	778 364 385 496 388 
2216	609 787 769 788 
2217	789 448 391 572 
2218	592 530 255 476 
2219	274 274 289 275 346 
2220	590 274 512 274 338 
2221	386 326 671 757 
2222	641 
2223	296 297 326 316 
2224	384 264 
2225	439 302 329 404 404 
2226	406 405 408 408 
2227	281 415 330 385 300 388 330 
2228	439 414 414 
2229	425 263 418 273 
2230	288 270 259 401 259 
2231	302 518 527 
2232	270 400 272 259 259 
2233	561 558 371 
2234	680 345 498 483 
2236	274 274 275 276 453 260 
2237	777 306 384 
2238	790 264 655 260 
2239	330 405 408 330 408 
2240	426 373 370 
2241	590 274 274 289 762 
2242	716 440 514 
2243	324 289 455 401 
2244	289 257 398 284 
2245	303 306 384 437 
2246	475 618 776 
2247	451 452 308 258 310 
2248	268 270 258 259 259 
2249	511 
2250	327 271 330 327 689 330 
2251	561 329 494 355 
2252	303 338 308 263 310 
2253	365 264 
2254	489 384 262 381 
2255	333 436 276 299 300 
2256	458 459 406 321 
2257	389 315 316 
2258	382 683 791 
2259	492 492 557 329 404 404 
2260	458 493 329 558 
2261	506 341 415 297 259 259 
2262	645 312 757 
2263	591 586 757 
2264	435 364 
2265	654 299 606 507 
2266	268 338 400 523 353 
2267	616 387 665 638 
2268	327 327 330 418 462 330 
2269	324 259 326 284 259 
2270	651 435 312 595 
2271	292 707 258 299 496 
2272	268 345 259 455 259 
2273	625 282 259 259 309 
2274	604 430 377 
2275	561 659 439 548 
2276	403 403 459 406 278 
2277	272 288 362 298 300 
2278	274 401 298 274 275 270 
2279	368 569 425 304 
2280	415 476 263 792 300 
2281	272 450 273 259 259 
2282	327 269 403 403 330 327 330 
2283	311 264 665 638 
2284	654 683 487 793 
2285	702 649 355 522 
2286	274 345 274 556 272 
2287	306 384 264 381 
2288	687 404 443 405 404 
2289	609 787 419 270 388 
2290	421 517 341 404 388 404 
2291	274 274 275 283 640 
2292	493 329 558 
2293	717 289 528 259 259 
2294	426 414 414 745 350 
2295	669 393 500 363 
2296	615 439 548 742 
2297	701 292 482 418 
2298	592 399 388 
2299	274 298 274 338 275 284 
2300	361 400 273 259 259 
2301	389 257 414 753 
