Course	Room	Teacher	Time	Days	Students
33	21	4135	(9, 12)	TH	
34	7	2380	(11, 14)	T	19
49	14	6504	(0, 2)	TTH	8
59	5	320	(0, 3)	F	
87	11	7552	(7, 10)	F	
92	12	3941	(7, 9)	MW	42
133	16	565	(5, 8)	F	
136	17	8339	(4, 5)	TTHF	43
143	19	4061	(4, 7)	F	
154	22	8206	(2, 3)	MWF	76
162	5	8506	(9, 10)	TTHF	31
172	7	3679	(11, 14)	TH	
173	21	4003	(5, 6)	MWF	90
178	17	8039	(6, 9)	F	
187	7	7643	(2, 5)	F	
196	29	6321	(0, 3)	F	
224	26	8080	(13, 14)	MWF	74
238	4	6626	(13, 14)	MWF	58
279	20	2096	(4, 7)	TH	
287	27	3106	(8, 11)	W	
288	15	3474	(3, 6)	F	
290	11	6071	(2, 3)	TTHF	40
300	13	9635	(0, 2)	TTH	50
321	24	8787	(4, 7)	F	
396	25	9757	(4, 5)	MWF	68
415	14	8952	(0, 3)	F	16
474	20	7363	(0, 1)	MWF	47
486	29	1950	(6, 8)	MWF	52
489	20	2399	(4, 7)	T	23
509	27	7701	(0, 3)	MW	4
554	12	44	(0, 2)	TTH	62
576	28	8031	(5, 6)	TTHF	22
584	22	7998	(4, 5)	MWF	77
614	7	6110	(6, 7)	MWF	11
640	8	6379	(5, 6)	MWF	38
720	16	2675	(6, 9)	TTH	39
772	18	1199	(0, 3)	F	
775	2	3407	(4, 5)	MWF	4
800	24	1206	(0, 1)	MWF	14
801	1	7342	(0, 2)	TTH	32
826	24	2193	(2, 3)	MWF	55
856	27	6810	(3, 4)	TTH	38
881	11	4668	(8, 10)	TTH	37
886	14	3247	(6, 7)	TTH	14
926	27	61	(8, 11)	M	
927	21	1149	(13, 14)	MWF	
937	23	3039	(5, 7)	TTH	31
938	11	6145	(7, 9)	MW	14
953	26	3304	(9, 11)	TTHF	76
1008	11	7605	(4, 6)	MWF	2
1040	12	672	(4, 6)	MW	41
1052	12	4850	(10, 12)	MW	50
1193	2	6160	(2, 3)	MWF	9
1278	5	7649	(11, 12)	MW	23
1306	25	90	(2, 3)	MWF	67
1317	7	7641	(9, 10)	TTH	54
1402	9	9720	(13, 14)	TTHF	
1411	2	7582	(8, 9)	TTHF	15
1458	4	6072	(2, 4)	TTH	
1467	11	5826	(4, 7)	TTH	
1525	29	15	(0, 3)	TTH	64
1541	20	5350	(10, 12)	TTHF	59
1584	30	1547	(10, 12)	MW	64
1622	16	9367	(11, 12)	TTHF	43
1623	21	5526	(7, 9)	MW	50
1658	20	5673	(2, 3)	MWF	68
1801	19	5046	(8, 9)	MWF	59
1806	7	5432	(2, 5)	TTH	18
1988	8	4040	(12, 14)	TTH	
1990	25	1966	(9, 10)	TTHF	
2022	1	8996	(7, 9)	TTH	33
2063	29	5461	(3, 5)	MW	45
2166	4	7196	(6, 7)	MWF	49
2187	18	2917	(13, 14)	TTHF	28
2255	24	6100	(0, 1)	TTH	55
2293	5	4140	(7, 8)	TTH	29
2332	9	5609	(0, 2)	MW	37
2347	3	9476	(4, 5)	TTHF	
2355	16	3048	(11, 13)	MW	32
2368	3	3641	(10, 11)	TTHF	25
2373	28	6231	(3, 4)	MWF	
2380	7	34	(2, 3)	MW	6
2404	15	4695	(0, 2)	TTHF	17
2438	21	5402	(13, 14)	TTH	79
2450	4	1694	(10, 12)	MW	54
2465	27	9073	(5, 7)	TTH	86
2475	25	4295	(3, 5)	TTH	79
2557	19	2401	(0, 3)	MW	26
2565	5	3656	(2, 3)	MW	15
2569	4	9918	(8, 9)	MWF	
2570	20	255	(7, 9)	MWF	7
2584	20	2626	(13, 14)	TTHF	76
2627	5	2724	(4, 6)	MW	16
2637	26	2709	(7, 8)	TTH	87
2656	25	8357	(9, 11)	MW	70
2693	30	1034	(13, 14)	TTH	88
2704	7	2418	(8, 9)	MWF	9
2755	3	7797	(0, 1)	TTH	18
2768	6	5441	(0, 2)	TTH	
2769	10	9665	(9, 11)	MWF	41
2783	28	1808	(11, 12)	TTHF	35
2787	22	4150	(0, 1)	MWF	74
2848	24	1111	(12, 13)	MWF	52
2850	23	8232	(2, 4)	TTHF	25
2853	20	6083	(8, 9)	TTH	89
2980	13	993	(11, 12)	TTHF	
3079	15	7678	(4, 7)	MW	17
3084	30	2049	(7, 9)	TTHF	
3117	16	4605	(0, 2)	TTH	
3152	19	4482	(10, 11)	MWF	62
3188	4	1668	(0, 1)	TTHF	60
3193	17	411	(10, 12)	MW	
3259	17	3028	(13, 14)	MWF	34
3281	3	3435	(12, 14)	TTH	39
3308	6	3204	(0, 1)	MWF	49
3328	13	2652	(7, 9)	MWF	34 37
3337	23	9246	(11, 14)	F	
3339	7	2192	(0, 1)	TTH	25
3419	30	2805	(0, 2)	TTH	65
3425	3	5746	(0, 1)	MWF	7
3433	8	48	(12, 13)	MWF	49
3452	12	9294	(3, 5)	TTHF	63
3461	10	9171	(2, 4)	TTHF	45
3482	10	3226	(12, 14)	MWF	44
3513	28	1456	(10, 13)	MW	8
3546	9	7141	(11, 12)	MWF	
3596	16	4853	(5, 8)	MW	28
3636	12	3873	(13, 14)	MWF	53
3652	1	6556	(3, 4)	MW	24
3674	22	365	(0, 2)	TTH	81
3739	5	5638	(0, 3)	TTH	23
3792	27	2484	(11, 12)	TTHF	70
3811	22	6898	(6, 7)	MWF	77
3832	21	2306	(10, 12)	MWF	
3863	1	9523	(12, 14)	MW	27
3867	5	7102	(11, 12)	TTHF	37
3896	21	3033	(0, 1)	MWF	36
3897	3	6024	(2, 5)	MW	11
3915	28	175	(7, 10)	TH	79
3920	18	6882	(0, 2)	TTH	
3921	27	1960	(0, 2)	TTHF	33
3948	1	2356	(5, 8)	MW	25
3949	16	3427	(0, 2)	MW	24
3964	10	7057	(6, 8)	MWF	39
3995	7	260	(10, 13)	WF	24
4009	24	3108	(2, 5)	TTH	42
4032	1	9341	(5, 6)	TTHF	32
4095	22	8216	(3, 6)	TTH	
4104	16	8958	(3, 4)	MWF	27
4141	30	1037	(6, 9)	MW	63
4164	10	2154	(5, 6)	TTH	46
4171	21	9167	(2, 4)	TTHF	51
4214	5	7563	(13, 14)	TTH	48
4244	25	9855	(6, 8)	TTHF	
4259	26	6320	(4, 6)	TTH	75
4330	4	3167	(13, 14)	TTH	73
4416	12	4113	(6, 7)	TTHF	64
4446	8	5537	(0, 2)	MW	30
4447	23	5159	(0, 1)	TTHF	6
4448	27	952	(4, 5)	MWF	5
4479	18	8084	(9, 10)	TTHF	
4525	3	4607	(2, 3)	TTHF	20
4527	13	950	(7, 10)	TTH	60
4532	4	7818	(7, 8)	TTH	71
4606	11	979	(10, 12)	MW	15
4643	2	6318	(0, 2)	TTH	10
4646	17	4649	(6, 8)	TTH	47
4651	13	7428	(13, 14)	TTHF	63
4658	10	7744	(0, 1)	MWF	42
4832	23	646	(0, 3)	MW	3
4870	17	8168	(12, 14)	TTH	55
4931	7	8751	(10, 13)	M	13
4962	15	818	(0, 3)	MW	12
4984	23	1337	(11, 13)	MW	18
5011	29	7166	(6, 9)	TTH	72
5014	12	5583	(8, 9)	TTHF	66
5020	27	8937	(8, 10)	TTHF	
5084	6	3348	(6, 9)	TTH	68
5090	1	7619	(7, 10)	F	54
5147	18	1476	(9, 12)	MW	
5195	16	5793	(9, 10)	MWF	30
5197	12	9599	(0, 3)	MW	41
5211	8	4298	(9, 11)	TTH	69
5221	10	9219	(2, 5)	MW	36
5245	14	1139	(0, 3)	MW	
5261	14	2509	(4, 7)	F	95
5274	25	3404	(0, 2)	TTH	76
5286	9	3232	(5, 7)	TTHF	
5320	22	1502	(7, 10)	TTH	83
5339	28	7782	(7, 10)	T	24
5397	1	5830	(3, 4)	TTHF	29
5424	28	8034	(6, 9)	MW	5
5439	21	9403	(2, 4)	MW	40
5456	19	1192	(12, 13)	TTHF	81
5487	13	4044	(3, 6)	TTH	60
5509	14	4801	(11, 13)	TTHF	11
5584	12	5306	(10, 11)	TTHF	67
5596	4	3207	(10, 12)	TTHF	61
5615	14	9711	(3, 5)	TTH	9
5664	26	4291	(3, 4)	MWF	
5700	23	3721	(8, 11)	TTH	
5723	27	2162	(12, 14)	MW	30
5745	5	901	(13, 14)	MWF	29
5782	25	6929	(12, 13)	MW	72
5797	13	3780	(4, 6)	MW	
5798	15	5410	(12, 13)	TTHF	22
5989	2	2124	(6, 9)	W	53
5995	21	8583	(5, 8)	TTH	61
6015	14	58	(7, 10)	MW	3
6054	4	6459	(5, 6)	TTH	70
6056	20	1423	(12, 14)	MW	40
6067	14	9937	(8, 10)	TTH	10
6081	3	6763	(10, 13)	MW	14
6099	26	5858	(0, 3)	TTH	74 99
6134	17	8613	(0, 1)	TTHF	39
6147	6	5582	(12, 14)	TTHF	60 85
6155	13	6631	(10, 13)	MW	57
6223	20	9326	(4, 6)	MWF	21
6234	10	6434	(9, 11)	TTH	51
6331	2	5053	(6, 9)	M	8
6368	11	3215	(11, 14)	TTH	31 56
6394	8	907	(7, 8)	MWF	38
6402	4	2174	(3, 5)	MWF	42
6426	16	7474	(3, 5)	TTH	34
6429	30	8191	(3, 5)	MWF	54
6445	18	8012	(7, 8)	MWF	6
6451	9	2563	(3, 4)	MWF	
6454	15	1105	(3, 6)	TTH	19
6456	22	9214	(10, 11)	MWF	78
6457	1	6672	(13, 14)	TTHF	43
6503	28	6387	(0, 2)	TTH	35
6547	19	5708	(8, 10)	TTH	86
6552	6	2933	(3, 5)	TTH	67
6558	18	2357	(7, 8)	TTH	84
6581	26	8138	(0, 2)	MWF	70
6618	9	2737	(13, 14)	MW	45
6664	22	1410	(11, 14)	TTH	84
6677	10	9158	(12, 13)	TTH	51
6683	2	2520	(6, 7)	TTHF	13
6687	8	2005	(7, 8)	TTH	65
6708	15	7288	(8, 10)	MW	17
6745	9	3775	(5, 8)	MW	43
6753	29	4392	(0, 2)	MW	
6782	24	9416	(4, 7)	MW	
6789	19	8617	(0, 1)	TTHF	78
6798	17	4380	(2, 3)	MWF	
6838	6	9313	(10, 13)	MW	56
6861	17	5252	(4, 6)	MW	29
6870	9	8976	(0, 1)	TTHF	46
6905	19	3187	(4, 7)	MW	57
6992	19	2876	(12, 14)	MW	66
7006	30	2696	(3, 6)	TTH	66
7016	1	7780	(10, 12)	TTH	
7025	6	2514	(2, 4)	MWF	
7102	4	3867	(0, 2)	MW	38
7188	30	739	(10, 12)	TTHF	
7221	25	1029	(0, 1)	MWF	66
7251	17	2121	(0, 1)	MW	
7274	26	8839	(5, 6)	MWF	72
7275	7	7244	(0, 1)	MWF	
7408	11	5369	(13, 14)	MWF	21
7423	11	3980	(0, 3)	MW	1
7440	17	971	(2, 3)	TTH	
7463	26	8871	(7, 8)	MWF	73
7482	29	1333	(9, 11)	MWF	58
7496	14	8752	(4, 6)	MW	
7551	9	3359	(10, 11)	TTH	
7577	25	900	(11, 13)	TTHF	
7664	23	1849	(7, 10)	WF	35
7714	23	2828	(12, 14)	TTH	34 80
7732	2	3023	(3, 5)	TTH	12
7787	30	3102	(0, 2)	MWF	
7802	9	3302	(8, 9)	TTHF	
7814	10	6278	(0, 1)	TTH	44
7875	24	8028	(8, 11)	MW	26
7961	17	4220	(9, 11)	TTH	49
8006	29	7947	(12, 14)	TTHF	65
8017	18	323	(3, 6)	TTH	
8019	18	8234	(11, 12)	TTHF	20
8051	24	2216	(12, 13)	TTH	62
8057	13	7758	(0, 3)	MW	
8062	8	9485	(0, 2)	TTHF	52
8102	2	9150	(13, 14)	TTHF	20
8115	11	3384	(0, 1)	TTHF	30
8131	23	6873	(4, 6)	MW	1
8134	16	1561	(13, 14)	TTHF	57
8149	29	681	(10, 11)	TTH	
8170	1	8658	(9, 11)	MW	
8213	9	9993	(2, 3)	TTH	56
8220	18	4834	(13, 14)	MW	10
8244	18	7197	(3, 6)	MW	
8268	18	7679	(0, 2)	MW	2 86
8354	20	5613	(0, 3)	TTH	80
8365	12	1290	(12, 14)	TTH	74
8447	27	2343	(13, 14)	TTHF	
8450	20	4012	(10, 11)	MW	12
8533	3	8283	(6, 7)	MWF	9
8557	15	6486	(7, 9)	TTHF	21
8602	28	5476	(13, 14)	TTHF	61
8629	24	3970	(9, 10)	TTHF	
8674	10	9569	(7, 8)	TTH	
8701	19	4391	(4, 7)	TTH	81
8705	7	3371	(4, 5)	MW	7
8740	21	9681	(9, 12)	T	75
8760	6	6176	(10, 11)	TTHF	57
8817	26	4970	(9, 12)	MW	73
8837	9	5833	(9, 10)	MW	44
8845	15	6173	(11, 13)	MW	17
8864	28	3687	(7, 10)	F	85
9026	22	9055	(12, 14)	MWF	78
9033	14	3529	(11, 13)	MW	6
9043	28	7255	(0, 1)	MWF	11
9094	15	7358	(10, 11)	TTHF	22
9145	23	8888	(7, 10)	M	4
9146	28	5873	(3, 4)	TTH	
9159	6	6171	(8, 9)	MWF	56
9190	7	3895	(6, 8)	TTH	20
9192	2	5934	(10, 13)	MW	5
9195	3	6622	(8, 9)	MWF	13
9210	13	8083	(0, 3)	F	100
9221	1	5799	(0, 2)	MWF	19
9335	8	8249	(3, 6)	TTH	58
9440	8	5804	(9, 11)	MWF	48
9454	5	3122	(4, 5)	TTHF	28
9473	5	9770	(7, 10)	MW	19
9479	2	9867	(0, 1)	MWF	5
9485	6	8062	(5, 7)	MWF	55
9498	3	7981	(6, 8)	TTH	27
9522	29	4441	(4, 5)	TTHF	71
9581	24	3092	(6, 8)	TTH	53
9605	25	621	(6, 8)	MW	69
9640	8	2002	(3, 4)	MWF	
9708	29	8894	(12, 14)	MW	65
9709	19	2041	(2, 3)	TTHF	78
9812	21	5297	(0, 1)	TTH	68
9814	2	3909	(10, 12)	TTH	16
9866	30	2907	(13, 14)	MWF	71
9879	22	3345	(8, 9)	MWF	77
9923	17	7954	(7, 9)	MW	31
9938	27	9196	(6, 7)	MWF	10
9950	5	6468	(0, 1)	MW	13
9956	26	6361	(12, 14)	TTH	77
